# atom_index_1based resid resname atomname x_nm y_nm z_nm n0 nS eta surface
     1      1 ARG    N         4.55800    3.81700    4.57800  20.015984  13.163418 0.657645   1
     5      1 ARG    CA        4.45900    3.84000    4.47200  15.289710   9.937031 0.649916   1
     7      1 ARG    CB        4.42000    3.70500    4.40000  10.492507   6.531734 0.622514   1
    10      1 ARG    CG        4.33700    3.61100    4.48800  11.219780   6.103448 0.543990   1
    13      1 ARG    CD        4.33600    3.46600    4.43100   9.205794   5.517741 0.599377   1
    16      1 ARG    NE        4.47000    3.41600    4.40100  12.405594   8.954523 0.721813   1
    18      1 ARG    CZ        4.55300    3.35800    4.48600  16.687313  11.883558 0.712131   1
    19      1 ARG    NH1       4.51700    3.30500    4.59800  19.094905  12.861569 0.673560   1
    22      1 ARG    NH2       4.67600    3.33100    4.45500  18.975025  13.573713 0.715346   1
    25      1 ARG    C         4.33800    3.91700    4.53300  15.645355  10.452274 0.668075   1
    26      1 ARG    O         4.31300    3.89800    4.65300  17.710290  11.823088 0.667583   1
    27      2 PRO    N         4.26500    3.99700    4.45500  13.342657   7.526237 0.564073   1
    28      2 PRO    CD        4.30000    4.03700    4.31900  11.099900   4.942529 0.445277   1
    31      2 PRO    CG        4.21700    4.16300    4.29500  13.196803   6.072464 0.460147   1
    34      2 PRO    CB        4.09100    4.13700    4.37200  12.051948   4.831084 0.400855   1
    37      2 PRO    CA        4.13800    4.06200    4.49100  12.348651   6.397301 0.518057   1
    39      2 PRO    C         4.02800    3.95700    4.53800   8.959041   4.437281 0.495285   1
    40      2 PRO    O         4.02200    3.84800    4.47800   5.749251   1.925037 0.334833   1
    41      3 ASP    N         3.94100    3.99300    4.63700  12.177822   7.571714 0.621763   1
    43      3 ASP    CA        3.85000    3.91000    4.71300  13.348651   8.941529 0.669845   1
    45      3 ASP    CB        3.78500    4.00300    4.81600  17.852148  13.615692 0.762692   1
    48      3 ASP    CG        3.87600    4.05100    4.92600  22.036963  15.850575 0.719272   1
    49      3 ASP    OD1       3.89700    3.98600    5.03000  23.255744  16.387306 0.704656   1
    50      3 ASP    OD2       3.92200    4.16800    4.90100  22.118881  16.218891 0.733260   1
    51      3 ASP    C         3.74700    3.84800    4.61800  10.667333   6.505247 0.609829   1
    52      3 ASP    O         3.70300    3.73700    4.62800  10.538462   5.690155 0.539942   1
    53      4 PHE    N         3.70600    3.92400    4.51900   8.504496   6.010995 0.706802   1
    55      4 PHE    CA        3.60500    3.87500    4.42000   7.435564   6.117941 0.822794   1
    57      4 PHE    CB        3.55700    3.99900    4.34300   8.316683   7.444278 0.895102   1
    60      4 PHE    CG        3.64100    4.05200    4.23100   7.633367   5.285357 0.692402   1
    61      4 PHE    CD1       3.66200    3.97600    4.10900   4.323676   3.506247 0.810941   1
    63      4 PHE    CE1       3.76300    4.01400    4.02200   4.321678   2.302849 0.532860   1
    65      4 PHE    CZ        3.84100    4.12200    4.04400   7.760240   3.345327 0.431086   1
    67      4 PHE    CE2       3.81900    4.20100    4.15300  10.355644   5.057471 0.488378   1
    69      4 PHE    CD2       3.72000    4.16900    4.24800  10.397602   6.646177 0.639203   1
    71      4 PHE    C         3.66200    3.77200    4.33200   3.930070   3.215892 nan        0
    72      4 PHE    O         3.58900    3.70100    4.26100   4.573427   3.830085 0.837465   1
    73      5 CYS    N         3.79700    3.75600    4.32000   1.916084   1.354823 nan        0
    75      5 CYS    CA        3.85800    3.64000    4.25000   1.031968   1.380310 nan        0
    77      5 CYS    CB        4.01400    3.66300    4.25500   0.634366   0.784608 nan        0
    80      5 CYS    SG        4.06800    3.81400    4.17000   0.369630   0.012994 nan        0
    81      5 CYS    C         3.81700    3.50400    4.31800   2.468531   2.129435 nan        0
    82      5 CYS    O         3.86600    3.40000    4.27500   2.895105   2.151924 nan        0
    83      6 LEU    N         3.75400    3.50100    4.43600   5.206793   3.691654 0.709007   1
    85      6 LEU    CA        3.69900    3.39000    4.50600   9.188811   4.505747 0.490351   1
    87      6 LEU    CB        3.71100    3.41000    4.66200  13.298701   5.607196 0.421635   1
    90      6 LEU    CG        3.85100    3.45400    4.71400  14.302697   6.903548 0.482675   1
    92      6 LEU    CD1       3.85100    3.48600    4.86300  17.226773   8.872564 0.515045   1
    96      6 LEU    CD2       3.95300    3.34900    4.68300  13.154845   5.591204 0.425030   1
   100      6 LEU    C         3.55500    3.35800    4.46300  10.808192   4.815092 0.445504   1
   101      6 LEU    O         3.49600    3.25500    4.50500  14.468531   5.006497 0.346027   1
   102      7 GLU    N         3.49100    3.44300    4.38300  10.055944   5.502749 0.547214   1
   104      7 GLU    CA        3.35500    3.42100    4.31800  12.619381   5.369315 0.425482   1
   106      7 GLU    CB        3.30200    3.54400    4.23600  11.047952   5.803598 0.525310   1
   109      7 GLU    CG        3.27800    3.67100    4.31900  12.025974   7.838581 0.651804   1
   112      7 GLU    CD        3.23400    3.79200    4.23500  12.413586   8.879560 0.715310   1
   113      7 GLU    OE1       3.26400    3.79500    4.11500   8.631369   6.633183 0.768497   1
   114      7 GLU    OE2       3.16800    3.88600    4.28200  15.157842  10.250375 0.676242   1
   115      7 GLU    C         3.36200    3.29400    4.22500  11.122877   4.111444 0.369639   1
   116      7 GLU    O         3.46000    3.27100    4.15200   7.689311   3.499250 0.455080   1
   117      8 PRO    N         3.25500    3.21200    4.22000  15.510490   3.850075 0.248224   1
   118      8 PRO    CD        3.14100    3.21700    4.31200  18.846154   4.259870 0.226034   1
   121      8 PRO    CG        3.04400    3.11400    4.26600  20.016983   2.527736 0.126280   1
   124      8 PRO    CB        3.11900    3.02200    4.17700  18.274725   1.962019 0.107362   1
   127      8 PRO    CA        3.22400    3.11900    4.11300  14.864136   2.553223 0.171771   1
   129      8 PRO    C         3.16600    3.19500    3.98700  11.077922   4.001000 0.361169   1
   130      8 PRO    O         3.12400    3.31000    4.00300   8.769231   3.918541 0.446851   1
   131      9 PRO    N         3.16600    3.13700    3.87200  11.115884   3.924038 0.353012   1
   132      9 PRO    CD        3.19900    3.00100    3.84700  13.681319   1.967016 0.143774   1
   135      9 PRO    CG        3.17600    2.97300    3.69700  12.098901   1.488256 0.123008   1
   138      9 PRO    CB        3.19600    3.11500    3.63800   8.727273   2.283858 0.261692   1
   141      9 PRO    CA        3.14000    3.20400    3.74700   8.038961   3.719140 0.462639   1
   143      9 PRO    C         2.99200    3.23500    3.72100   9.264735   5.675162 0.612555   1
   144      9 PRO    O         2.91200    3.14300    3.70900  13.265734   4.170915 0.314413   1
   145     10 TYR    N         2.95500    3.36500    3.71500   7.227772   5.409295 0.748404   1
   147     10 TYR    CA        2.82100    3.41700    3.69300   8.485514   5.996002 0.706616   1
   149     10 TYR    CB        2.80200    3.54900    3.77300   8.681319   5.918041 0.681698   1
   152     10 TYR    CG        2.66100    3.59800    3.79000  11.412587   7.946527 0.696295   1
   153     10 TYR    CD1       2.58000    3.54400    3.89600  15.152847   8.043978 0.530856   1
   155     10 TYR    CE1       2.44300    3.56600    3.88900  17.599401   9.840580 0.559143   1
   157     10 TYR    CZ        2.38600    3.65700    3.79600  14.443556   8.671664 0.600383   1
   158     10 TYR    OH        2.25300    3.68000    3.79500  16.469530   9.386307 0.569920   1
   160     10 TYR    CE2       2.46800    3.72200    3.70000   9.807193   6.605197 0.673505   1
   162     10 TYR    CD2       2.60100    3.68400    3.69300   8.297702   5.392804 0.649915   1
   164     10 TYR    C         2.78300    3.42400    3.54700   7.373626   4.848576 0.657556   1
   165     10 TYR    O         2.81600    3.52100    3.47400   4.283716   3.887056 0.907403   1
   166     11 THR    N         2.71000    3.32400    3.50100   9.251748   4.914043 0.531148   1
   168     11 THR    CA        2.66000    3.32300    3.35900   8.031968   4.503248 0.560666   1
   170     11 THR    CB        2.60200    3.18700    3.32500  13.543457   5.784108 0.427078   1
   172     11 THR    CG2       2.52000    3.17700    3.19400  14.394605   6.358821 0.441750   1
   176     11 THR    OG1       2.71200    3.09700    3.31800  13.445554   4.748626 0.353174   1
   178     11 THR    C         2.56400    3.43200    3.33200   6.321678   4.415292 0.698437   1
   179     11 THR    O         2.57600    3.49900    3.23100   4.249750   2.902049 0.682875   1
   180     12 GLY    N         2.47100    3.45700    3.42000   6.685315   4.995502 0.747235   1
   182     12 GLY    CA        2.36400    3.55800    3.41400   5.961039   3.963018 0.664820   1
   185     12 GLY    C         2.24200    3.51200    3.33100   8.782218   5.358321 0.610133   1
   186     12 GLY    O         2.25000    3.42000    3.25200  10.169830   6.191404 0.608801   1
   187     13 PRO    N         2.12700    3.57900    3.35300  11.123876   5.967016 0.536415   1
   188     13 PRO    CD        2.10900    3.70000    3.43600  10.206793   4.902549 0.480322   1
   191     13 PRO    CG        1.96100    3.72700    3.44100  13.454545   5.560220 0.413260   1
   194     13 PRO    CB        1.89100    3.60300    3.39300  17.117882   7.453273 0.435409   1
   197     13 PRO    CA        1.99800    3.52900    3.30700  14.983017   7.130935 0.475934   1
   199     13 PRO    C         1.96800    3.53900    3.15900  13.737263   7.866567 0.572644   1
   200     13 PRO    O         1.88100    3.46000    3.11400  16.397602   9.379810 0.572023   1
   201     14 CYS    N         2.03100    3.62900    3.08600   9.817183   5.837581 0.594629   1
   203     14 CYS    CA        2.01500    3.64000    2.93700  10.809191   6.422289 0.594151   1
   205     14 CYS    CB        2.06200    3.77400    2.88500  10.965035   5.421789 0.494462   1
   208     14 CYS    SG        1.99600    3.91400    2.96300  15.118881   5.227886 0.345785   1
   209     14 CYS    C         2.08800    3.52500    2.86400  11.090909   6.948026 0.626461   1
   210     14 CYS    O         2.16300    3.44700    2.91500  10.155844   6.587206 0.648612   1
   211     15 LYS    N         2.05000    3.50900    2.73600  14.150849   9.051474 0.639642   1
   213     15 LYS    CA        2.06900    3.40000    2.64600  15.836164   9.784608 0.617865   1
   215     15 LYS    CB        1.94400    3.37800    2.55800  19.478521  12.347826 0.633920   1
   218     15 LYS    CG        1.81800    3.34900    2.64500  21.559441  14.939530 0.692946   1
   221     15 LYS    CD        1.68100    3.31500    2.57800  23.402597  16.333833 0.697950   1
   224     15 LYS    CE        1.56700    3.29800    2.68200  24.686314  17.212894 0.697265   1
   227     15 LYS    NZ        1.44200    3.24300    2.62700  26.254745  16.942529 0.645313   1
   231     15 LYS    C         2.19500    3.40100    2.55500  14.596404   8.251874 0.565336   1
   232     15 LYS    O         2.21400    3.31200    2.47400  16.021978   8.336832 0.520337   1
   233     16 ALA    N         2.28700    3.49800    2.56800  13.103896   7.091454 0.541171   1
   235     16 ALA    CA        2.41000    3.49700    2.48500  12.446553   6.052474 0.486277   1
   237     16 ALA    CB        2.48200    3.63100    2.50200  11.679321   5.070965 0.434183   1
   241     16 ALA    C         2.50200    3.37800    2.51700  10.671329   5.014493 0.469903   1
   242     16 ALA    O         2.48800    3.30700    2.61300   9.702298   4.706647 0.485106   1
   243     17 ARG    N         2.59100    3.35400    2.41800  11.732268   6.270365 0.534455   1
   245     17 ARG    CA        2.68500    3.24400    2.40600  12.257742   5.976512 0.487570   1
   247     17 ARG    CB        2.64900    3.15600    2.28200  16.407592   6.899550 0.420510   1
   250     17 ARG    CG        2.50900    3.08300    2.29200  18.103896   7.467266 0.412467   1
   253     17 ARG    CD        2.48900    2.97900    2.18400  22.095904   7.877561 0.356517   1
   256     17 ARG    NE        2.46900    3.03800    2.05400  23.737263  10.337831 0.435511   1
   258     17 ARG    CZ        2.34600    3.05700    2.00400  24.064935  11.659670 0.484509   1
   259     17 ARG    NH1       2.23900    3.03400    2.06300  24.216783  11.190905 0.462114   1
   262     17 ARG    NH2       2.33700    3.10700    1.88600  25.029970  12.706647 0.507657   1
   265     17 ARG    C         2.83200    3.30100    2.39400  11.209790   5.471764 0.488124   1
   266     17 ARG    O         2.89400    3.29100    2.29000  13.399600   6.681659 0.498646   1
   267     18 ILE    N         2.87700    3.37200    2.49400   7.350649   4.042979 0.550017   1
   269     18 ILE    CA        3.00700    3.45200    2.49500   8.677323   4.552224 0.524612   1
   271     18 ILE    CB        2.98800    3.60100    2.52700   9.339660   5.724138 0.612885   1
   273     18 ILE    CG2       3.11800    3.68600    2.53200  10.200799   6.613193 0.648301   1
   277     18 ILE    CG1       2.88700    3.65600    2.41900  13.130869   6.389305 0.486587   1
   280     18 ILE    CD        2.86400    3.80600    2.40000  14.868132   7.502749 0.504619   1
   284     18 ILE    C         3.10200    3.38100    2.59100   6.134865   2.971014 0.484284   1
   285     18 ILE    O         3.07200    3.35600    2.70500   2.545455   1.135432 nan        0
   286     19 ILE    N         3.22400    3.35500    2.54000   8.896104   4.006997 0.450422   1
   288     19 ILE    CA        3.33700    3.30100    2.62300   7.244755   2.856572 0.394295   1
   290     19 ILE    CB        3.44500    3.22600    2.54200  12.370629   3.248876 0.262628   1
   292     19 ILE    CG2       3.54200    3.15600    2.63400  10.437562   1.739630 0.166670   1
   296     19 ILE    CG1       3.38500    3.13100    2.44100  15.757243   2.982509 0.189279   1
   299     19 ILE    CD        3.29300    3.03000    2.50200  14.703297   1.841579 0.125249   1
   303     19 ILE    C         3.40000    3.41200    2.70700   5.787213   2.987506 0.516225   1
   304     19 ILE    O         3.45300    3.51000    2.64900   8.261738   5.039480 0.609978   1
   305     20 ARG    N         3.39200    3.39500    2.84100   2.766234   1.588206 nan        0
   307     20 ARG    CA        3.46200    3.48400    2.93200   2.672328   1.202399 nan        0
   309     20 ARG    CB        3.35100    3.56700    3.00100   1.824176   1.071964 nan        0
   312     20 ARG    CG        3.28700    3.67000    2.90300   3.522478   2.381309 nan        0
   315     20 ARG    CD        3.38600    3.77600    2.86000   5.858142   4.371814 0.746280   1
   318     20 ARG    NE        3.33000    3.88900    2.77900   9.534466   7.229385 0.758237   1
   320     20 ARG    CZ        3.23200    3.97000    2.82100  11.481518   8.177911 0.712267   1
   321     20 ARG    NH1       3.20300    3.98500    2.94500  10.850150   7.473263 0.688771   1
   324     20 ARG    NH2       3.17800    4.04000    2.73100  14.540460   9.590705 0.659587   1
   327     20 ARG    C         3.53900    3.39200    3.02600   1.581419   0.261369 nan        0
   328     20 ARG    O         3.51200    3.27300    3.02700   1.059940   0.016492 nan        0
   329     21 TYR    N         3.64700    3.43400    3.08400   1.341658   0.097951 nan        0
   331     21 TYR    CA        3.72000    3.35900    3.18500   1.085914   0.004498 nan        0
   333     21 TYR    CB        3.87100    3.37000    3.15500   1.340659   0.005497 nan        0
   336     21 TYR    CG        3.93100    3.32700    3.02700   3.602398   0.964518 nan        0
   337     21 TYR    CD1       4.02300    3.22500    3.03600   7.286713   0.972514 0.133464   1
   339     21 TYR    CE1       4.08000    3.17100    2.91900  12.173826   1.911544 0.157021   1
   341     21 TYR    CZ        4.04400    3.22400    2.79500  13.098901   3.257371 0.248675   1
   342     21 TYR    OH        4.10400    3.17600    2.68500  17.685315   4.300850 0.243188   1
   344     21 TYR    CE2       3.94500    3.32600    2.78700   9.305694   3.488256 0.374852   1
   346     21 TYR    CD2       3.89100    3.37500    2.90400   5.024975   2.249375 0.447639   1
   348     21 TYR    C         3.69600    3.40800    3.32700   1.723277   0.419290 nan        0
   349     21 TYR    O         3.64600    3.52100    3.34800   1.872128   0.803598 nan        0
   350     22 PHE    N         3.73100    3.32500    3.42400   2.207792   1.000500 nan        0
   352     22 PHE    CA        3.72700    3.35400    3.57000   1.703297   1.447776 nan        0
   354     22 PHE    CB        3.58600    3.30000    3.61500   3.502498   2.458771 nan        0
   357     22 PHE    CG        3.57500    3.15300    3.63300   3.384615   2.015992 nan        0
   358     22 PHE    CD1       3.55800    3.06000    3.52600   3.808192   1.105447 nan        0
   360     22 PHE    CE1       3.53400    2.92900    3.54700   7.603397   1.172414 0.154196   1
   362     22 PHE    CZ        3.52500    2.87600    3.67800   9.706294   1.631184 0.168054   1
   364     22 PHE    CE2       3.54600    2.96600    3.78700   9.377622   1.872064 0.199631   1
   366     22 PHE    CD2       3.57000    3.09900    3.76100   5.478521   1.960520 0.357856   1
   368     22 PHE    C         3.84000    3.28300    3.63500   1.381618   1.378311 nan        0
   369     22 PHE    O         3.90100    3.19200    3.57200   1.013986   1.000000 nan        0
   370     23 TYR    N         3.86800    3.32400    3.75900   2.169830   2.102449 nan        0
   372     23 TYR    CA        3.97000    3.25700    3.84200   2.433566   2.443778 nan        0
   374     23 TYR    CB        4.05500    3.36400    3.92100   2.214785   2.428786 nan        0
   377     23 TYR    CG        4.17200    3.30600    3.99800   1.767233   2.243878 nan        0
   378     23 TYR    CD1       4.29000    3.26200    3.92900   1.341658   1.457771 nan        0
   380     23 TYR    CE1       4.38600    3.19800    4.00500   2.838162   2.438281 nan        0
   382     23 TYR    CZ        4.37200    3.18300    4.14400   3.968032   3.066467 nan        0
   383     23 TYR    OH        4.47500    3.12800    4.20600   8.574426   5.328836 0.621480   1
   385     23 TYR    CE2       4.26000    3.23600    4.21300   3.821179   2.759620 nan        0
   387     23 TYR    CD2       4.15800    3.29300    4.13600   2.349650   3.192404 nan        0
   389     23 TYR    C         3.91000    3.15300    3.93700   3.372627   2.841079 nan        0
   390     23 TYR    O         3.81200    3.17700    4.00600   4.621379   3.114443 0.673921   1
   391     24 ASN    N         3.97300    3.03500    3.93600   3.921079   2.850075 nan        0
   393     24 ASN    CA        3.94000    2.92000    4.02400   6.046953   3.082959 0.509837   1
   395     24 ASN    CB        3.92400    2.79500    3.93300   8.845155   2.807096 0.317360   1
   398     24 ASN    CG        3.89800    2.66900    4.01500  12.121878   2.486257 0.205105   1
   399     24 ASN    OD1       3.90700    2.66200    4.13600  12.930070   3.073463 0.237699   1
   400     24 ASN    ND2       3.87000    2.56500    3.94400  13.730270   1.291854 0.094088   1
   403     24 ASN    C         4.04400    2.90500    4.13500   6.466533   3.585207 0.554425   1
   404     24 ASN    O         4.14900    2.84100    4.10800   5.711289   3.591704 0.628878   1
   405     25 ALA    N         4.01700    2.95400    4.25900   7.841159   4.263368 0.543717   1
   407     25 ALA    CA        4.10200    2.94600    4.37400  10.463536   4.536732 0.433575   1
   409     25 ALA    CB        4.06200    3.05200    4.48200  12.082917   5.011494 0.414759   1
   413     25 ALA    C         4.12300    2.80700    4.43600  12.821179   4.829085 0.376649   1
   414     25 ALA    O         4.22300    2.78000    4.50100  15.391608   6.891554 0.447748   1
   415     26 LYS    N         4.03600    2.71200    4.40900  13.279720   4.203398 0.316528   1
   417     26 LYS    CA        4.06700    2.57100    4.43500  16.398601   4.330335 0.264067   1
   419     26 LYS    CB        3.94000    2.48600    4.44700  17.913087   3.421289 0.190994   1
   422     26 LYS    CG        3.96000    2.33800    4.48400  21.255744   6.179910 0.290741   1
   425     26 LYS    CD        4.02100    2.32900    4.62100  23.232767   9.076462 0.390675   1
   428     26 LYS    CE        4.02800    2.18300    4.67600  24.189810  11.318341 0.467897   1
   431     26 LYS    NZ        4.10600    2.08600    4.59000  24.593407  12.045977 0.489805   1
   435     26 LYS    C         4.17600    2.51700    4.35000  15.159840   4.993503 0.329390   1
   436     26 LYS    O         4.26600    2.45300    4.40100  16.005994   7.148426 0.446609   1
   437     27 ALA    N         4.16600    2.54100    4.21700  12.415584   3.087456 0.248676   1
   439     27 ALA    CA        4.26300    2.48500    4.12100  12.781219   3.841579 0.300564   1
   441     27 ALA    CB        4.18500    2.47200    3.98900  12.313686   1.281359 0.104060   1
   445     27 ALA    C         4.39100    2.56800    4.10400  13.531469   4.660670 0.344432   1
   446     27 ALA    O         4.48500    2.51400    4.05100  15.891109   5.516742 0.347159   1
   447     28 GLY    N         4.39000    2.69200    4.14500  10.400599   5.213893 0.501307   1
   449     28 GLY    CA        4.49300    2.79200    4.14100  11.696304   7.197401 0.615357   1
   452     28 GLY    C         4.51400    2.86500    4.00500  10.930070   5.587706 0.511223   1
   453     28 GLY    O         4.62400    2.91800    3.98200  13.225774   6.694153 0.506145   1
   454     29 LEU    N         4.41900    2.86900    3.90900   7.149850   3.071964 0.429654   1
   456     29 LEU    CA        4.44100    2.89800    3.76200   7.487512   2.044478 0.273052   1
   458     29 LEU    CB        4.49700    2.78200    3.68300  11.230769   1.285857 0.114494   1
   461     29 LEU    CG        4.42600    2.64100    3.70100  13.376623   1.066467 0.079726   1
   463     29 LEU    CD1       4.27600    2.62800    3.66500  10.975025   1.222389 0.111379   1
   467     29 LEU    CD2       4.48800    2.52700    3.61600  17.548452   1.415792 0.080679   1
   471     29 LEU    C         4.30800    2.96300    3.69600   4.566434   1.036482 0.226978   1
   472     29 LEU    O         4.21400    2.99500    3.76900   2.153846   1.012994 nan        0
   473     30 CYS    N         4.30800    3.00200    3.57000   5.660340   1.037981 0.183378   1
   475     30 CYS    CA        4.18700    3.04600    3.49700   4.652348   1.032484 0.221927   1
   477     30 CYS    CB        4.20200    3.19200    3.44500   4.972028   1.023988 0.205950   1
   480     30 CYS    SG        4.21100    3.32000    3.57000   2.636364   1.016992 nan        0
   481     30 CYS    C         4.13500    2.95100    3.39200   7.791209   1.218391 0.156380   1
   482     30 CYS    O         4.20900    2.89200    3.31700  11.267732   1.269865 0.112699   1
   483     31 GLN    N         4.00200    2.93600    3.38800   6.348651   1.309345 0.206240   1
   485     31 GLN    CA        3.92200    2.85600    3.29700   8.773227   1.360820 0.155110   1
   487     31 GLN    CB        3.86800    2.73200    3.37800  11.667333   1.401299 0.120105   1
   490     31 GLN    CG        3.95600    2.65900    3.48500  12.990010   1.392804 0.107221   1
   493     31 GLN    CD        3.87900    2.54100    3.54100  16.642358   1.467266 0.088165   1
   494     31 GLN    OE1       3.83000    2.55200    3.65400  15.217782   1.361319 0.089456   1
   495     31 GLN    NE2       3.85100    2.43300    3.45900  20.512488   1.141429 0.055646   1
   498     31 GLN    C         3.82000    2.94200    3.23500   6.979021   1.331834 0.190834   1
   499     31 GLN    O         3.80000    3.05400    3.27100   3.818182   1.234883 nan        0
   500     32 THR    N         3.76400    2.90300    3.11800  10.106893   0.695652 0.068829   1
   502     32 THR    CA        3.65300    2.96500    3.03900   7.636364   0.282359 0.036976   1
   504     32 THR    CB        3.66300    2.92700    2.89400  11.211788   0.310845 0.027725   1
   506     32 THR    CG2       3.77800    2.99000    2.82000  12.513487   0.513243 0.041015   1
   510     32 THR    OG1       3.68200    2.79200    2.87400  15.634366   0.515242 0.032956   1
   512     32 THR    C         3.51400    2.93200    3.10100   8.942058   0.289855 0.032415   1
   513     32 THR    O         3.50300    2.82500    3.16600  12.229770   0.380310 0.031097   1
   514     33 PHE    N         3.40800    3.00800    3.07100   6.796204   0.222889 0.032796   1
   516     33 PHE    CA        3.26100    2.97400    3.08700   7.932068   0.227886 0.028730   1
   518     33 PHE    CB        3.21700    2.99400    3.23000   7.430569   0.298851 0.040219   1
   521     33 PHE    CG        3.20800    3.13900    3.27800   5.009990   0.318341 0.063541   1
   522     33 PHE    CD1       3.32300    3.21100    3.30500   2.326673   0.501749 nan        0
   524     33 PHE    CE1       3.31900    3.34600    3.34700   1.080919   1.988506 nan        0
   526     33 PHE    CZ        3.19700    3.40500    3.36900   1.361638   2.065467 nan        0
   528     33 PHE    CE2       3.07500    3.34100    3.35100   2.689311   2.902549 nan        0
   530     33 PHE    CD2       3.08100    3.20700    3.30100   5.084915   1.315842 0.258774   1
   532     33 PHE    C         3.18700    3.04700    2.97900   6.042957   0.076962 0.012736   1
   533     33 PHE    O         3.23700    3.13700    2.91200   2.891109   0.043978 nan        0
   534     34 VAL    N         3.06200    3.00400    2.95500   8.329670   0.131934 0.015839   1
   536     34 VAL    CA        2.95800    3.07300    2.87700   6.982018   0.392304 0.056188   1
   538     34 VAL    CB        2.86000    2.97000    2.81400  11.863137   0.970015 0.081767   1
   540     34 VAL    CG1       2.72600    3.03500    2.78000  10.787213   1.865067 0.172896   1
   544     34 VAL    CG2       2.91700    2.92700    2.67600  14.089910   0.635682 0.045116   1
   548     34 VAL    C         2.89200    3.17200    2.97300   4.733267   0.740130 0.156368   1
   549     34 VAL    O         2.83600    3.13500    3.07200   7.236763   1.495252 0.206619   1
   550     35 TYR    N         2.90800    3.29900    2.93400   1.879121   0.530235 nan        0
   552     35 TYR    CA        2.84100    3.41900    2.98700   0.700300   0.616192 nan        0
   554     35 TYR    CB        2.94400    3.53000    3.01000   0.013986   0.139930 nan        0
   557     35 TYR    CG        2.88500    3.67000    3.02000   1.333666   0.881059 nan        0
   558     35 TYR    CD1       2.81200    3.71300    3.13400   1.110889   1.175412 nan        0
   560     35 TYR    CE1       2.76900    3.84200    3.14200   3.044955   2.979010 nan        0
   562     35 TYR    CZ        2.78900    3.93900    3.03700   6.148851   4.239880 0.689540   1
   563     35 TYR    OH        2.75200    4.06900    3.04700   9.850150   6.810595 0.691420   1
   565     35 TYR    CE2       2.86200    3.89900    2.92300   6.239760   3.312844 0.530925   1
   567     35 TYR    CD2       2.90400    3.76200    2.91600   3.591409   1.666667 nan        0
   569     35 TYR    C         2.72400    3.45800    2.89600   1.583417   1.154423 nan        0
   570     35 TYR    O         2.74000    3.46000    2.77400   1.413586   1.263368 nan        0
   571     36 GLY    N         2.61000    3.48400    2.96000   2.351648   1.767116 nan        0
   573     36 GLY    CA        2.48100    3.51400    2.89900   3.161838   2.208896 nan        0
   576     36 GLY    C         2.46800    3.65000    2.83500   4.391608   2.118441 0.482384   1
   577     36 GLY    O         2.35400    3.67700    2.79300   6.945055   3.220390 0.463695   1
   578     37 GLY    N         2.56800    3.74100    2.84000   4.613387   1.140930 0.247308   1
   580     37 GLY    CA        2.54200    3.87300    2.78300   9.079920   2.896552 0.319006   1
   583     37 GLY    C         2.46500    3.98100    2.86400  11.935065   4.591704 0.384724   1
   584     37 GLY    O         2.45200    4.09100    2.81200  16.173826   6.671664 0.412498   1
   585     38 CYS    N         2.42200    3.94900    2.98900   8.812188   3.825087 0.434068   1
   587     38 CYS    CA        2.38200    4.05700    3.07600  10.476523   5.583208 0.532926   1
   589     38 CYS    CB        2.23100    4.07800    3.05900  13.261738   5.831584 0.439730   1
   592     38 CYS    SG        2.11900    3.94500    3.12100  11.806194   3.902049 0.330509   1
   593     38 CYS    C         2.41200    4.02000    3.22700   7.322677   4.303848 0.587742   1
   594     38 CYS    O         2.43200    3.90100    3.26600   3.179820   1.534733 nan        0
   595     39 ARG    N         2.41800    4.11700    3.31700  11.393606   6.523238 0.572535   1
   597     39 ARG    CA        2.45100    4.12100    3.46500  11.723277   7.828586 0.667781   1
   599     39 ARG    CB        2.33400    4.05800    3.54600  12.279720   7.892054 0.642690   1
   602     39 ARG    CG        2.19900    4.11600    3.51100  15.028971   8.111944 0.539754   1
   605     39 ARG    CD        2.08800    4.08000    3.61200  17.152847   8.972514 0.523092   1
   608     39 ARG    NE        1.96800    4.16800    3.58800  20.530470   9.729135 0.473888   1
   610     39 ARG    CZ        1.85600    4.14900    3.65800  22.285714  11.046477 0.495675   1
   611     39 ARG    NH1       1.84100    4.06000    3.74700  22.560440  11.130435 0.493361   1
   614     39 ARG    NH2       1.75000    4.22200    3.62700  24.358641  11.479760 0.471281   1
   617     39 ARG    C         2.58900    4.05300    3.50700   9.615385   7.034983 0.731638   1
   618     39 ARG    O         2.58700    3.98800    3.61500   8.822178   6.559720 0.743549   1
   619     40 ALA    N         2.69600    4.06800    3.43300  11.340659   8.100950 0.714328   1
   621     40 ALA    CA        2.82500    4.03400    3.48100  10.899101   8.224888 0.754639   1
   623     40 ALA    CB        2.93700    4.08000    3.38800  12.496503   8.677161 0.694367   1
   627     40 ALA    C         2.86200    4.08000    3.62200  12.461538   9.526237 0.764451   1
   628     40 ALA    O         2.85000    4.19700    3.65900  15.359640  11.435782 0.744534   1
   629     41 LYS    N         2.91200    3.98300    3.70300  10.154845   8.761119 0.862753   1
   631     41 LYS    CA        2.99500    4.00400    3.82200  11.084915   9.708146 0.875798   1
   633     41 LYS    CB        2.96900    3.88200    3.91200  11.266733   8.501249 0.754544   1
   636     41 LYS    CG        2.82200    3.87500    3.95000  14.098901  10.851574 0.769675   1
   639     41 LYS    CD        2.80600    3.78900    4.08100  16.068931  11.649675 0.724981   1
   642     41 LYS    CE        2.65600    3.77700    4.12500  19.676324  11.919540 0.605781   1
   645     41 LYS    NZ        2.60100    3.91200    4.16500  21.478521  14.030485 0.653233   1
   649     41 LYS    C         3.13700    4.02900    3.77500  10.075924   9.292854 0.922283   1
   650     41 LYS    O         3.16300    4.04200    3.65800  10.206793   9.172914 0.898707   1
   651     42 ARG    N         3.22700    4.04300    3.87300  12.011988   8.924538 0.742969   1
   653     42 ARG    CA        3.36200    4.10600    3.86000  11.492507   9.915542 0.862783   1
   655     42 ARG    CB        3.41000    4.17500    3.99100  13.126873   9.914043 0.755248   1
   658     42 ARG    CG        3.34700    4.31100    4.01700  17.196803  12.253373 0.712538   1
   661     42 ARG    CD        3.40300    4.39300    4.12900  19.856144  12.443778 0.626697   1
   664     42 ARG    NE        3.52200    4.46900    4.09000  20.615385  13.769115 0.667905   1
   666     42 ARG    CZ        3.61900    4.52100    4.15700  20.624376  13.127936 0.636525   1
   667     42 ARG    NH1       3.62800    4.52300    4.28800  21.145854  13.053473 0.617307   1
   670     42 ARG    NH2       3.71100    4.57500    4.08800  20.901099  12.178411 0.582668   1
   673     42 ARG    C         3.46700    3.99700    3.81700   8.544456   7.597201 0.889138   1
   674     42 ARG    O         3.56600    4.03200    3.75500   7.458541   7.235382 0.970080   1
   675     43 ASN    N         3.44000    3.87200    3.84500   5.649351   5.850575 1.035619   1
   677     43 ASN    CA        3.53100    3.75700    3.80700   3.313686   3.836082 nan        0
   679     43 ASN    CB        3.52700    3.64400    3.91500   2.368631   2.533233 nan        0
   682     43 ASN    CG        3.63500    3.54200    3.89500   3.380619   2.963018 nan        0
   683     43 ASN    OD1       3.73000    3.57000    3.82000   2.610390   2.607196 nan        0
   684     43 ASN    ND2       3.63600    3.42600    3.95500   3.520480   4.400300 nan        0
   687     43 ASN    C         3.49900    3.70900    3.65900   3.740260   3.630185 nan        0
   688     43 ASN    O         3.45900    3.59300    3.63200   2.058941   2.939030 nan        0
   689     44 ASN    N         3.51200    3.80700    3.56500   6.185814   6.179910 0.999046   1
   691     44 ASN    CA        3.45800    3.79700    3.42700   6.155844   5.212394 0.846739   1
   693     44 ASN    CB        3.31700    3.84900    3.42100   6.701299   5.764618 0.860224   1
   696     44 ASN    CG        3.24400    3.83300    3.28900   5.797203   5.141429 0.886881   1
   697     44 ASN    OD1       3.29900    3.85100    3.18100   7.150849   4.869565 0.680977   1
   698     44 ASN    ND2       3.11300    3.80700    3.28200   4.906094   4.282859 0.872967   1
   701     44 ASN    C         3.55800    3.88900    3.35100   8.591409   7.045477 0.820061   1
   702     44 ASN    O         3.57900    4.00400    3.38700  10.305694   7.908546 0.767396   1
   703     45 PHE    N         3.63000    3.82100    3.26800   6.425574   3.835582 0.596924   1
   705     45 PHE    CA        3.73900    3.86000    3.19000   7.053946   4.175412 0.591926   1
   707     45 PHE    CB        3.86200    3.80000    3.26300   6.469530   3.327836 0.514386   1
   710     45 PHE    CG        3.88700    3.84200    3.41300   7.092907   4.076962 0.574794   1
   711     45 PHE    CD1       3.87600    3.74500    3.51900   3.960040   1.316842 nan        0
   713     45 PHE    CE1       3.92000    3.78500    3.64400   2.497502   1.118441 nan        0
   715     45 PHE    CZ        3.96500    3.91800    3.67400   4.372627   3.559720 0.814092   1
   717     45 PHE    CE2       3.96100    4.01300    3.57500   7.861139   6.217891 0.790966   1
   719     45 PHE    CD2       3.92200    3.97300    3.44400   9.471528   6.793103 0.717213   1
   721     45 PHE    C         3.73700    3.81300    3.04200   6.289710   4.164418 0.662100   1
   722     45 PHE    O         3.66800    3.71800    3.01400   5.217782   3.464268 0.663935   1
   723     46 LYS    N         3.81800    3.87300    2.95400   8.907093   6.368816 0.715027   1
   725     46 LYS    CA        3.80100    3.86800    2.80300  12.426573   8.325837 0.670003   1
   727     46 LYS    CB        3.78600    4.00800    2.75300  17.306693  11.213393 0.647922   1
   730     46 LYS    CG        3.65000    4.06900    2.78000  17.415584  12.126437 0.696298   1
   733     46 LYS    CD        3.64500    4.21200    2.72200  21.371628  15.425287 0.721765   1
   736     46 LYS    CE        3.50900    4.27900    2.75800  22.636364  15.011994 0.663180   1
   739     46 LYS    NZ        3.49600    4.30400    2.90600  21.989011  15.122939 0.687750   1
   743     46 LYS    C         3.91700    3.80200    2.73300  13.020979   9.406297 0.722396   1
   744     46 LYS    O         3.90400    3.75300    2.62000  14.590410   9.785607 0.670688   1
   745     47 SER    N         4.03000    3.78600    2.80100  12.709291   8.740630 0.687735   1
   747     47 SER    CA        4.15100    3.72400    2.75400  13.792208   9.625187 0.697871   1
   749     47 SER    CB        4.23900    3.82900    2.69000  17.070929  12.135932 0.710912   1
   752     47 SER    OG        4.29600    3.92500    2.78100  16.846154  12.091954 0.717787   1
   754     47 SER    C         4.22300    3.65100    2.86700   9.591409   6.788106 0.707728   1
   755     47 SER    O         4.23100    3.70200    2.97900   6.461538   5.398301 0.835451   1
   756     48 ALA    N         4.27600    3.53400    2.84700  11.003996   5.396802 0.490440   1
   758     48 ALA    CA        4.33400    3.45200    2.95600   9.704296   3.535232 0.364296   1
   760     48 ALA    CB        4.37600    3.31900    2.90900  13.728272   3.784608 0.275680   1
   764     48 ALA    C         4.44000    3.51700    3.04300  10.524476   2.548726 0.242171   1
   765     48 ALA    O         4.45500    3.49800    3.16800   9.007992   1.582209 0.175645   1
   766     49 GLU    N         4.51500    3.60500    2.97500  13.064935   4.959020 0.379567   1
   768     49 GLU    CA        4.62000    3.69300    3.02400  12.431568   5.699150 0.458442   1
   770     49 GLU    CB        4.66500    3.77200    2.89800  17.003996  10.045977 0.590801   1
   773     49 GLU    CG        4.78600    3.86600    2.93400  18.637363  12.466767 0.668913   1
   776     49 GLU    CD        4.85500    3.96000    2.82700  22.835165  16.884058 0.739388   1
   777     49 GLU    OE1       4.77700    4.02700    2.75600  21.146853  16.798101 0.794355   1
   778     49 GLU    OE2       4.98000    3.96100    2.82000  24.487512  17.350325 0.708538   1
   779     49 GLU    C         4.57600    3.78600    3.14200   9.164835   3.641679 0.397353   1
   780     49 GLU    O         4.64600    3.79200    3.24200   7.771229   2.741629 0.352792   1
   781     50 ASP    N         4.46400    3.84900    3.11600   8.717283   5.230885 0.600059   1
   783     50 ASP    CA        4.41200    3.95200    3.20600   8.810190   5.878061 0.667189   1
   785     50 ASP    CB        4.29800    4.03700    3.13500  10.594406   8.417291 0.794503   1
   788     50 ASP    CG        4.28500    4.17800    3.19000  14.218781  11.454773 0.805609   1
   789     50 ASP    OD1       4.38300    4.25800    3.17800  16.047952  13.120940 0.817608   1
   790     50 ASP    OD2       4.17600    4.20400    3.24000  14.984016  11.884058 0.793116   1
   791     50 ASP    C         4.35500    3.88900    3.33800   5.744256   3.060470 0.532788   1
   792     50 ASP    O         4.38000    3.93500    3.44900   4.373626   2.649675 0.605830   1
   793     51 CYS    N         4.28000    3.77400    3.32700   3.312687   1.287356 nan        0
   795     51 CYS    CA        4.23400    3.69100    3.43900   1.299700   0.158421 nan        0
   797     51 CYS    CB        4.15300    3.56500    3.38200   1.161838   0.001000 nan        0
   800     51 CYS    SG        4.07100    3.45200    3.50000   1.305694   1.000500 nan        0
   801     51 CYS    C         4.35800    3.65300    3.52600   0.942058   0.014993 nan        0
   802     51 CYS    O         4.36000    3.69700    3.64000   0.297702   0.003498 nan        0
   803     52 MET    N         4.46400    3.58600    3.47400   3.643357   0.225887 nan        0
   805     52 MET    CA        4.57600    3.55400    3.56100   6.805195   1.086957 0.159725   1
   807     52 MET    CB        4.68300    3.46100    3.49500  11.300699   1.527736 0.135190   1
   810     52 MET    CG        4.62500    3.32400    3.45900  11.019980   0.717641 0.065122   1
   813     52 MET    SD        4.54700    3.22700    3.59800  10.747253   0.556222 0.051755   1
   814     52 MET    CE        4.68300    3.22600    3.71400  15.383616   3.180410 0.206740   1
   818     52 MET    C         4.65900    3.68100    3.61400   8.237762   2.162419 0.262501   1
   819     52 MET    O         4.70800    3.67800    3.72700  11.321678   4.101949 0.362309   1
   820     53 ARG    N         4.67300    3.78700    3.54200   7.732268   2.264868 0.292911   1
   822     53 ARG    CA        4.73800    3.91100    3.58600  11.490509   4.426787 0.385256   1
   824     53 ARG    CB        4.74700    4.01200    3.46900  12.790210   5.437781 0.425152   1
   827     53 ARG    CG        4.81300    4.14400    3.51100  16.887113   8.582709 0.508240   1
   830     53 ARG    CD        4.83600    4.24300    3.38900  18.002997  10.260370 0.569926   1
   833     53 ARG    NE        4.70800    4.29200    3.33700  18.085914  12.120440 0.670159   1
   835     53 ARG    CZ        4.65100    4.40800    3.35900  20.323676  13.822589 0.680122   1
   836     53 ARG    NH1       4.69200    4.49600    3.44600  22.853147  14.390305 0.629686   1
   839     53 ARG    NH2       4.55000    4.44600    3.28700  20.877123  14.681159 0.703218   1
   842     53 ARG    C         4.67000    3.97200    3.70300  12.856144   5.707146 0.443924   1
   843     53 ARG    O         4.73900    4.02500    3.79000  15.663337   8.012494 0.511545   1
   844     54 THR    N         4.53600    3.95900    3.70900   8.653347   4.266367 0.493031   1
   846     54 THR    CA        4.45300    4.01700    3.81100   9.534466   4.318841 0.452971   1
   848     54 THR    CB        4.31500    4.03700    3.75700   8.484515   2.904048 0.342276   1
   850     54 THR    CG2       4.21100    4.10200    3.84500  10.250749   4.327836 0.422197   1
   854     54 THR    OG1       4.31900    4.12300    3.65000   9.738262   4.755122 0.488293   1
   856     54 THR    C         4.44000    3.92600    3.93200   7.805195   3.311344 0.424249   1
   857     54 THR    O         4.46500    3.96500    4.04600  10.421578   4.828086 0.463278   1
   858     55 CYS    N         4.41300    3.80000    3.90800   4.260739   1.962519 0.460605   1
   860     55 CYS    CA        4.36800    3.70500    4.01200   3.364635   1.431784 nan        0
   862     55 CYS    CB        4.23000    3.64000    3.97600   0.829171   0.105947 nan        0
   865     55 CYS    SG        4.08700    3.75400    3.97700   0.078921   0.007996 nan        0
   866     55 CYS    C         4.46400    3.58800    4.04000   5.667333   2.964518 0.523089   1
   867     55 CYS    O         4.43800    3.51500    4.13000   5.341658   3.505247 0.656210   1
   868     56 GLY    N         4.57600    3.57900    3.97500   8.735265   4.621689 0.529084   1
   870     56 GLY    CA        4.68900    3.49500    4.00200  11.211788   7.762619 0.692362   1
   873     56 GLY    C         4.74800    3.50900    4.15000  15.985015  10.768616 0.673669   1
   874     56 GLY    OC1       4.76300    3.40600    4.21100  18.265734  12.983008 0.710785   1
   875     56 GLY    OC2       4.76900    3.62900    4.18800  16.809191  11.645677 0.692816   1
