# atom_index_1based resid resname atomname x_nm y_nm z_nm n0 phistar surface n_phi0 n_phi1 n_phi2 n_phi3 n_phi4 n_phi5 n_phi6 n_phi7 n_phi8 n_phi9 n_phi10 n_phi11 n_phi12
     1      1 ARG    N         4.558    3.817    4.578  20.0160   1.6906 1 19.3033 18.4468 17.6777 16.7516 15.4263 13.1634 11.0345 9.7001 8.4968 7.9460 7.2314 6.7951 6.2414
     5      1 ARG    CA        4.459    3.840    4.472  15.2897   1.7386 1 14.9775 14.3228 13.8246 12.9955 12.0235 9.9370 8.3588 7.4853 6.7341 6.3713 5.9100 5.6537 5.1924
     7      1 ARG    CB        4.420    3.705    4.400  10.4925   1.0254 1 10.0040 9.5897 9.1784 8.7491 8.0340 6.5317 5.3083 4.7116 4.0335 3.9745 3.6127 3.3368 3.1279
    10      1 ARG    CG        4.337    3.611    4.488  11.2198   0.6617 1 9.7996 9.2774 8.9070 8.2904 7.5812 6.1034 5.4368 5.1219 3.9465 4.3518 3.7346 2.9565 2.8541
    13      1 ARG    CD        4.336    3.466    4.431   9.2058   0.6429 1 8.9690 8.5377 8.2829 7.8131 7.1514 5.5177 4.2499 3.7546 2.4833 2.9000 2.4483 1.4393 2.0335
    16      1 ARG    NE        4.470    3.416    4.401  12.4056   1.9311 1 12.6982 12.2214 11.9635 11.4848 10.7501 8.9545 7.2349 6.2224 4.2234 4.8551 4.0340 2.4518 2.7506
    18      1 ARG    CZ        4.553    3.358    4.486  16.6873   2.0120 1 16.8421 16.2769 15.8736 15.3388 14.1734 11.8836 9.7866 8.5712 6.0615 6.7491 5.6687 3.7556 4.1454
    19      1 ARG    NH1       4.517    3.305    4.598  19.0949   1.4183 1 18.9025 18.1884 17.5532 16.6652 15.5097 12.8616 10.3293 8.7561 5.9880 6.4718 5.0850 3.3488 3.6637
    22      1 ARG    NH2       4.676    3.331    4.455  18.9750   2.0965 1 19.3063 18.5467 17.8106 17.0730 15.8611 13.5737 11.3868 9.9770 7.1829 7.9330 6.8081 4.4813 4.9080
    25      1 ARG    C         4.338    3.917    4.533  15.6454   1.8499 1 15.3163 14.6172 14.2544 13.4323 12.6432 10.4523 8.7076 7.7546 6.9105 6.5092 6.0205 5.7716 5.3478
    26      1 ARG    O         4.313    3.898    4.653  17.7103   2.0380 1 16.7246 16.0770 15.6297 14.7966 13.9585 11.8231 10.0465 8.9900 7.8341 7.3663 6.6752 6.3578 5.7261
    27      2 PRO    N         4.265    3.997    4.455  13.3427   0.3921 1 13.4993 12.7846 12.2924 11.3313 10.4528 7.5262 5.7101 4.7886 4.0465 3.5727 3.2009 3.0455 2.6987
    28      2 PRO    CD        4.300    4.037    4.319  11.0999  -0.2771 1 11.6902 10.7151 10.1359 9.2359 8.0035 4.9425 3.3893 2.6932 2.3903 2.1434 1.9455 1.9295 1.8011
    31      2 PRO    CG        4.217    4.163    4.295  13.1968  -0.2376 1 13.3383 12.7326 11.9560 10.9965 9.3813 6.0725 4.1134 3.0625 2.4358 1.9365 1.6667 1.5192 1.3648
    34      2 PRO    CB        4.091    4.137    4.372  12.0519  -0.4740 1 11.3833 10.7441 10.1244 9.2274 7.8536 4.8311 2.9925 2.0375 1.5072 1.0235 0.7986 0.6572 0.5232
    37      2 PRO    CA        4.138    4.062    4.491  12.3487   0.0521 1 12.0650 11.5202 10.9235 10.0260 9.0405 6.3973 4.6922 3.7571 2.9405 2.2909 1.8791 1.6877 1.3378
    39      2 PRO    C         4.028    3.957    4.538   8.9590  -0.1021 1 8.4033 7.9785 7.5547 6.7421 6.2369 4.4373 3.0400 2.3933 1.7096 1.3748 1.1099 0.9450 0.6612
    40      2 PRO    O         4.022    3.848    4.478   5.7493  -0.8279 1 4.9735 4.5432 4.1964 3.4528 3.1924 1.9250 1.0375 0.7011 0.3873 0.3123 0.1859 0.1849 0.0770
    41      3 ASP    N         3.941    3.993    4.637  12.1778   0.5004 1 12.3663 11.8191 11.3698 10.5452 9.7771 7.5717 5.0110 3.8551 2.6157 2.0165 1.7156 1.4948 1.1584
    43      3 ASP    CA        3.850    3.910    4.713  13.3487   0.5388 1 13.9040 13.4403 12.9530 12.2124 11.3408 8.9415 5.2699 3.7801 2.0105 1.4553 1.1279 0.9170 0.5617
    45      3 ASP    CB        3.785    4.003    4.816  17.8521   0.9495 1 18.0875 17.7131 17.2604 16.5197 15.7036 13.6157 8.9945 6.5612 3.8581 2.8556 2.3303 1.7996 1.4278
    48      3 ASP    CG        3.876    4.051    4.926  22.0370   0.9783 1 22.5712 22.0450 21.3518 20.2109 19.1664 15.8506 11.1439 8.9415 6.5477 5.8261 5.2949 4.8816 4.5782
    49      3 ASP    OD1       3.897    3.986    5.030  23.2557   0.8971 1 23.5667 22.6392 21.8441 20.5412 19.3468 16.3873 11.5097 9.1634 6.7491 6.1059 5.3473 4.9265 4.5477
    50      3 ASP    OD2       3.922    4.168    4.901  22.1189   1.3902 1 22.6927 21.8961 21.0905 19.7336 18.7746 16.2189 12.1664 9.8056 7.4743 6.3738 5.6542 5.1454 4.7971
    51      3 ASP    C         3.747    3.848    4.618  10.6673   0.2702 1 10.9325 10.5572 10.2039 9.5962 8.8306 6.5052 3.1469 2.0405 0.7876 0.4088 0.4198 0.3188 0.2354
    52      3 ASP    O         3.703    3.737    4.628  10.5385   0.0486 1 9.9595 9.7596 9.2819 8.5502 7.7796 5.6902 2.3813 1.5377 0.6687 0.4888 0.5587 0.5877 0.4853
    53      4 PHE    N         3.706    3.924    4.519   8.5045   0.6679 1 9.1119 8.6247 8.3838 7.9215 7.4418 6.0110 3.6552 2.6802 1.3858 0.7681 0.8526 0.6257 0.6167
    55      4 PHE    CA        3.605    3.875    4.420   7.4356   2.2148 1 7.7471 7.5242 7.3833 7.0560 6.8291 6.1179 4.3948 4.0705 2.8686 2.1744 2.9610 1.6877 2.2154
    57      4 PHE    CB        3.557    3.999    4.343   8.3167   2.7386 1 9.0320 8.9275 8.6717 8.3703 7.9405 7.4443 6.0240 5.3913 3.8826 2.9220 3.6077 2.4733 2.6542
    60      4 PHE    CG        3.641    4.052    4.231   7.6334   2.5521 1 7.5157 7.3108 6.9490 6.5567 6.1869 5.2854 4.4933 4.3683 3.4938 2.8036 3.7431 2.5937 2.8931
    61      4 PHE    CD1       3.662    3.976    4.109   4.3237      nan 1 4.2844 4.0665 3.8391 3.6567 3.4813 3.5062 3.1079 3.4153 3.1034 3.0985 3.7691 3.0050 3.0555
    63      4 PHE    CE1       3.763    4.014    4.022   4.3217   0.4038 1 3.4463 3.1829 2.9110 2.7816 2.4588 2.3028 2.0085 2.0215 1.9725 1.9730 2.3058 1.8851 2.0640
    65      4 PHE    CZ        3.841    4.122    4.044   7.7602  -0.7466 1 6.2484 5.9740 5.3998 5.0605 4.1459 3.3453 2.7816 2.5842 2.4198 2.3883 2.2784 2.0635 1.9590
    67      4 PHE    CE2       3.819    4.201    4.153  10.3556  -0.1592 1 9.4403 8.8511 8.2464 7.8341 6.5512 5.0575 4.0165 3.4503 2.8961 2.6537 2.5772 2.3238 2.2204
    69      4 PHE    CD2       3.720    4.169    4.248  10.3976   1.5780 1 9.9740 9.5492 9.2659 8.7116 7.8141 6.6462 5.5742 5.0025 4.1859 3.5972 3.7316 3.4373 3.0580
    71      4 PHE    C         3.662    3.772    4.332   3.9301      nan 0 3.9525 3.8166 3.6132 3.3728 3.2269 3.2159 2.2529 2.3048 1.4908 1.0910 1.8426 1.0455 1.3888
    72      4 PHE    O         3.589    3.701    4.261   4.5734   5.8892 1 4.3398 4.2564 4.2244 4.1849 4.0075 3.8301 2.9750 2.8196 2.6972 2.4733 3.0200 2.2624 2.2919
    73      5 CYS    N         3.797    3.756    4.320   1.9161      nan 0 1.8656 1.7841 1.6412 1.4448 1.3528 1.3548 0.9500 1.0420 0.8636 0.8406 1.1319 0.8936 1.0555
    75      5 CYS    CA        3.858    3.640    4.250   1.0320      nan 0 1.1154 1.0895 1.0440 0.9405 0.9370 1.3803 1.3283 1.0905 1.5372 1.4938 1.4148 1.4373 1.0090
    77      5 CYS    CB        4.014    3.663    4.255   0.6344      nan 0 0.9700 0.9970 0.8681 0.6267 0.6062 0.7846 0.7681 0.9505 0.9750 0.9760 1.0960 1.0010 0.9910
    80      5 CYS    SG        4.068    3.814    4.170   0.3696      nan 0 0.5577 0.3893 0.3958 0.2384 0.1749 0.0130 0.0005 0.0020 0.0010 0.0020 0.0080 0.0140 0.0115
    81      5 CYS    C         3.817    3.504    4.318   2.4685      nan 0 2.8441 2.7926 2.4743 2.2609 2.2269 2.1294 1.9805 1.1854 1.9325 2.1179 1.6542 2.5307 1.0005
    82      5 CYS    O         3.866    3.400    4.275   2.8951      nan 0 3.0005 2.9180 2.7096 2.5147 2.5092 2.1519 2.1074 1.1729 1.9530 2.3188 1.7031 2.9415 1.0505
    83      6 LEU    N         3.754    3.501    4.436   5.2068   0.7700 1 5.7616 5.6857 5.3458 5.0475 4.7441 3.6917 2.4093 1.4633 1.9930 2.1654 1.6657 2.6087 1.0000
    85      6 LEU    CA        3.699    3.390    4.506   9.1888  -0.1083 1 9.5372 9.2529 8.9120 8.3268 7.4973 4.5057 2.6377 1.4768 2.0080 2.3828 1.6862 2.9880 1.0000
    87      6 LEU    CB        3.711    3.410    4.662  13.2987  -0.3103 1 13.7451 13.1814 12.5062 11.7261 10.1054 5.6072 2.8701 1.6402 2.0250 2.3363 1.6837 2.8986 1.0000
    90      6 LEU    CG        3.851    3.454    4.714  14.3027  -0.1309 1 15.2374 14.6857 14.0835 13.4788 11.6502 6.9035 3.3688 2.3823 2.0100 2.2744 1.6872 2.6547 1.0820
    92      6 LEU    CD1       3.851    3.486    4.863  17.2268  -0.0241 1 17.6537 16.7946 16.0420 15.2814 13.4603 8.8726 4.1219 3.1404 2.0240 2.0845 1.4963 1.8676 1.1334
    96      6 LEU    CD2       3.953    3.349    4.683  13.1548  -0.2778 1 14.1994 13.5732 13.0145 12.1449 10.5442 5.5912 3.5802 2.5937 2.5507 3.0865 2.1899 3.2914 1.4028
   100      6 LEU    C         3.555    3.358    4.463  10.8082  -0.2124 1 11.4133 11.2124 10.6037 10.1524 9.2179 4.8151 2.6422 1.4723 2.0070 2.3728 1.7206 2.9710 1.0140
   101      6 LEU    O         3.496    3.255    4.505  14.4685  -0.4202 1 14.9980 14.5537 13.5632 12.8821 11.5282 5.0065 2.6327 1.4103 1.9840 2.3978 1.6877 3.0000 1.0015
   102      7 GLU    N         3.491    3.443    4.383  10.0559   0.1228 1 10.3708 10.0680 9.7786 9.2614 8.7126 5.5027 3.1454 2.3678 2.5682 2.4468 2.6412 2.6317 1.5922
   104      7 GLU    CA        3.355    3.421    4.318  12.6194  -0.2838 1 12.3103 11.8776 11.3798 10.6512 9.9535 5.3693 3.2419 2.4023 2.7351 2.9170 2.6762 3.1229 2.0390
   106      7 GLU    CB        3.302    3.544    4.236  11.0480   0.0363 1 10.9760 10.6857 10.4348 9.8501 9.3768 5.8036 3.3708 2.6027 2.6892 2.4253 2.7866 2.2204 1.6607
   109      7 GLU    CG        3.278    3.671    4.319  12.0260   0.6237 1 12.1439 11.8696 11.5992 11.1844 10.4293 7.8386 5.2394 4.9010 3.9210 3.4293 4.0630 3.0650 3.1869
   112      7 GLU    CD        3.234    3.792    4.235  12.4136   1.2146 1 12.7376 12.5742 12.4828 11.8806 11.4098 8.8796 6.3303 5.9090 4.9290 4.4303 4.9520 3.9630 4.2734
   113      7 GLU    OE1       3.264    3.795    4.115   8.6314   5.6687 1 9.0080 8.7006 8.7001 8.1359 7.9810 6.6332 5.0690 4.7301 4.3383 4.4753 5.0735 4.0595 3.7966
   114      7 GLU    OE2       3.168    3.886    4.282  15.1578   1.2752 1 15.2059 14.6927 14.3258 13.6027 12.7306 10.2504 7.9680 6.8686 5.7921 4.8921 5.3848 4.2774 4.3948
   115      7 GLU    C         3.362    3.294    4.225  11.1229  -0.4125 1 10.5862 10.3758 9.8371 9.2414 8.4543 4.1114 3.1509 2.3763 2.9680 3.1059 2.9295 3.2974 2.0880
   116      7 GLU    O         3.460    3.271    4.152   7.6893  -0.2124 1 7.5787 7.4508 7.0115 6.5467 6.0820 3.4993 3.1904 2.5072 3.1369 3.2529 3.2164 3.4173 2.2044
   117      8 PRO    N         3.255    3.212    4.220  15.5105  -0.5591 1 15.0175 14.7576 14.2859 13.4263 11.9785 3.8501 2.3433 1.7461 1.8676 1.9500 1.9280 2.0235 1.1254
   118      8 PRO    CD        3.141    3.217    4.312  18.8462  -0.5745 1 18.3168 17.9115 17.2779 16.5052 14.6737 4.2599 1.8361 1.1214 1.3938 1.3048 1.5147 1.2974 0.5147
   121      8 PRO    CG        3.044    3.114    4.266  20.0170  -0.6753 1 19.9745 19.3453 18.3928 17.1819 15.0660 2.5277 0.3863 0.1279 0.4073 0.5182 0.2644 0.6597 0.0435
   124      8 PRO    CB        3.119    3.022    4.177  18.2747  -0.6887 1 18.3928 17.6937 16.7976 15.9110 13.7241 1.9620 0.8326 0.2429 1.1234 1.1959 0.5962 1.2549 0.0495
   127      8 PRO    CA        3.224    3.119    4.113  14.8641  -0.6460 1 14.5187 13.9865 13.5267 12.7716 11.1519 2.5532 1.7666 1.1789 1.8086 1.7891 1.6352 1.8496 0.5047
   129      8 PRO    C         3.166    3.195    3.987  11.0779  -0.3773 1 11.2544 10.9875 10.6837 10.1794 9.1504 4.0010 2.7351 2.3033 3.1049 2.8901 2.7441 2.4973 1.4638
   130      8 PRO    O         3.124    3.310    4.003   8.7692  -0.2184 1 8.6252 8.3998 8.2299 7.8051 7.2534 3.9185 2.5087 2.2589 2.7716 2.6967 2.4718 2.2104 1.5672
   131      9 PRO    N         3.166    3.137    3.872  11.1159  -0.3717 1 11.9240 11.5832 11.1889 10.4598 9.5002 3.9240 2.4133 2.1194 2.5362 2.4053 2.0305 2.0010 1.1319
   132      9 PRO    CD        3.199    3.001    3.847  13.6813  -0.7062 1 13.3663 12.9530 12.1769 11.2369 9.7326 1.9670 0.8341 0.3508 1.1079 1.1534 0.4983 1.0560 0.0395
   135      9 PRO    CG        3.176    2.973    3.697  12.0989  -0.6753 1 12.1769 11.9465 11.1784 10.4828 9.1324 1.4883 0.5277 0.3218 0.9880 1.0385 0.4998 0.9890 0.0375
   138      9 PRO    CB        3.196    3.115    3.638   8.7273  -0.5248 1 8.8241 8.5842 8.2299 7.8051 6.9450 2.2839 1.4498 1.1909 1.7081 1.6757 1.1284 1.4198 0.4393
   141      9 PRO    CA        3.140    3.204    3.747   8.0390  -0.1555 1 9.5907 9.0180 8.8121 7.5947 7.6282 3.7191 2.3278 2.2029 2.6007 2.6812 2.2454 2.0870 1.3838
   143      9 PRO    C         2.992    3.235    3.721   9.2647   0.2467 1 11.0335 10.6747 10.7081 9.4393 9.8906 5.6752 2.4703 2.0950 2.6642 3.4973 2.0035 2.4788 1.3068
   144      9 PRO    O         2.912    3.143    3.709  13.2657  -0.4312 1 13.7576 13.2574 12.8676 12.1904 11.1544 4.1709 0.8886 0.4818 1.0800 1.8376 0.5167 1.0010 0.0425
   145     10 TYR    N         2.955    3.365    3.715   7.2278   0.5478 1 8.7011 8.4468 8.5607 7.2734 7.8956 5.4093 2.5432 2.3668 3.0385 4.0720 3.4348 2.9975 2.0355
   147     10 TYR    CA        2.821    3.417    3.693   8.4855   0.4201 1 9.5957 9.2894 9.3578 8.1039 8.6457 5.9960 2.4808 2.1289 2.7626 3.9305 2.7046 2.9685 1.6442
   149     10 TYR    CB        2.802    3.549    3.773   8.6813   0.4175 1 9.4788 9.1269 9.2524 7.9130 8.4668 5.9180 2.7391 2.4513 3.0935 4.1174 3.4238 3.0150 2.0645
   152     10 TYR    CG        2.661    3.598    3.790  11.4126   0.4202 1 12.3698 11.8876 11.7096 10.4983 10.7521 7.9465 3.4558 2.5607 3.0900 4.0965 2.3783 2.4973 1.4388
   153     10 TYR    CD1       2.580    3.544    3.896  15.1528   0.0152 1 15.8226 15.2519 14.8591 13.3693 13.1089 8.0440 3.0630 2.1914 2.6072 3.0845 1.3483 1.3083 0.7861
   155     10 TYR    CE1       2.443    3.566    3.889  17.5994   0.1186 1 16.9480 16.4738 15.6662 15.1974 14.1379 9.8406 4.5632 3.4263 3.7061 3.8986 2.0170 1.5212 1.2549
   157     10 TYR    CZ        2.386    3.657    3.796  14.4436   0.2616 1 13.4733 13.2609 12.5852 12.4138 11.5552 8.6717 4.4103 3.6137 3.5562 3.6282 2.2824 1.2544 1.6062
   158     10 TYR    OH        2.253    3.680    3.795  16.4695   0.1619 1 15.3243 14.7146 13.9395 13.5877 12.4548 9.3863 4.5997 3.5802 3.2364 3.3248 2.0080 0.8411 1.2859
   160     10 TYR    CE2       2.468    3.722    3.700   9.8072   0.4480 1 9.8976 9.6327 9.1389 7.9195 8.4028 6.6052 3.3743 3.0700 2.9845 3.2149 2.2374 1.1134 1.6697
   162     10 TYR    CD2       2.601    3.684    3.693   8.2977   0.3698 1 8.6722 8.2384 7.7781 6.6032 6.8301 5.3928 2.6187 2.0465 2.8251 3.8386 2.3328 2.4078 1.5622
   164     10 TYR    C         2.783    3.424    3.547   7.3736   0.3132 1 8.2144 7.9335 7.8166 6.6477 6.9695 4.8486 1.8841 1.4178 2.2064 3.2829 2.0225 2.1984 0.8576
   165     10 TYR    O         2.816    3.521    3.474   4.2837   0.7957 1 4.9815 4.6352 4.6117 3.5122 4.1839 3.8871 1.8911 1.4773 2.4038 3.5162 2.3643 2.4763 1.1384
   166     11 THR    N         2.710    3.324    3.501   9.2517  -0.0069 1 10.2299 10.0135 9.7516 8.4023 8.6992 4.9140 0.8981 0.4223 1.8691 2.1674 0.5052 1.0030 0.0320
   168     11 THR    CA        2.660    3.323    3.359   8.0320   0.0593 1 9.0190 8.7051 8.6072 7.4523 7.9505 4.5032 0.9700 0.4163 2.5372 2.8956 0.5282 0.9950 0.0285
   170     11 THR    CB        2.602    3.187    3.325  13.5435  -0.2635 1 13.2654 12.8256 12.3648 11.9595 11.1269 5.7841 1.0830 0.4208 2.9555 3.1369 0.5662 0.9930 0.0285
   172     11 THR    CG2       2.520    3.177    3.194  14.3946  -0.2349 1 13.8496 13.4093 13.0130 12.5462 11.7251 6.3588 1.3068 0.3528 3.1979 3.2524 0.3693 0.5192 0.0080
   176     11 THR    OG1       2.712    3.097    3.318  13.4456  -0.3721 1 13.7491 13.4203 12.9165 12.4413 11.4763 4.7486 0.8906 0.4168 2.6267 2.8071 0.5462 0.9920 0.0285
   178     11 THR    C         2.564    3.432    3.332   6.3217   0.2900 1 7.3483 7.0145 6.9585 5.8371 6.4383 4.4153 1.0125 0.4078 2.7021 2.9410 0.4398 0.9670 0.0285
   179     11 THR    O         2.576    3.499    3.231   4.2498   0.2671 1 4.7236 4.5142 4.5337 3.5547 4.1104 2.9020 0.6542 0.1609 2.0815 2.1799 0.1124 0.0750 0.0010
   180     12 GLY    N         2.471    3.457    3.420   6.6853   0.3367 1 7.5727 7.2304 6.9300 6.5982 6.3928 4.9955 1.0165 0.4128 2.1694 2.6517 0.4113 0.9680 0.0280
   182     12 GLY    CA        2.364    3.558    3.414   5.9610   0.2201 1 6.2124 6.1569 5.8116 5.6972 5.4598 3.9630 0.6742 0.1494 1.1654 1.5237 0.0575 0.0665 0.0015
   185     12 GLY    C         2.242    3.512    3.331   8.7822   0.1531 1 8.4008 8.2244 7.9555 7.7526 7.3988 5.3583 1.1854 0.3578 1.5007 2.0955 0.6207 0.2644 0.8431
   186     12 GLY    O         2.250    3.420    3.252  10.1698   0.1508 1 9.9805 9.7266 9.4703 9.2099 8.7276 6.1914 1.3688 0.4013 2.0930 2.3628 0.6977 0.2839 0.8811
   187     13 PRO    N         2.127    3.579    3.353  11.1239   0.0123 1 11.2424 10.9560 10.5432 9.9520 9.0650 5.9670 1.5147 0.5882 1.1144 1.3148 0.7696 0.3353 1.0150
   188     13 PRO    CD        2.109    3.700    3.436  10.2068  -0.1443 1 10.6602 10.0020 9.7651 8.9100 7.9600 4.9025 1.6712 0.9675 1.1719 1.1644 0.9340 0.4018 1.1409
   191     13 PRO    CG        1.961    3.727    3.441  13.4545  -0.3361 1 13.4293 12.8381 12.7826 11.5797 10.0930 5.5602 1.9595 1.0990 0.6077 0.9705 1.0060 0.4203 1.2179
   194     13 PRO    CB        1.891    3.603    3.393  17.1179  -0.2856 1 17.1354 16.2069 15.6657 14.4268 12.7951 7.4533 2.0450 0.8201 0.4678 0.7796 0.9625 0.3918 1.2139
   197     13 PRO    CA        1.998    3.529    3.307  14.9830  -0.1628 1 14.9955 14.4363 13.9030 12.7796 11.4173 7.1309 1.9180 0.7346 1.1179 1.2109 0.8886 0.4023 1.2714
   199     13 PRO    C         1.968    3.539    3.159  13.7373   0.1118 1 14.0795 13.6257 13.2174 12.2824 11.4073 7.8666 2.6262 1.1274 1.3868 1.8471 1.2814 0.6672 2.1489
   200     13 PRO    O         1.881    3.460    3.114  16.3976   0.1149 1 16.4303 15.6882 15.2924 14.1194 13.2444 9.3798 3.2769 1.4348 1.7931 2.2509 2.0785 1.0705 2.7551
   201     14 CYS    N         2.031    3.629    3.086   9.8172   0.1814 1 10.8206 10.3293 10.0180 9.4078 8.5262 5.8376 2.2659 1.0895 1.4793 1.9130 1.2224 0.6262 2.0225
   203     14 CYS    CA        2.015    3.640    2.937  10.8092   0.1898 1 11.4358 11.1044 10.5267 10.1099 9.3328 6.4223 2.6317 1.3483 1.9260 2.3083 1.8656 0.6792 2.0845
   205     14 CYS    CB        2.062    3.774    2.885  10.9650  -0.0937 1 11.9565 11.5217 10.8991 10.4683 9.4593 5.4218 2.2769 1.2924 1.2864 1.7691 1.6612 0.6627 2.0460
   208     14 CYS    SG        1.996    3.914    2.963  15.1189  -0.4854 1 14.8976 14.2424 13.3318 12.6102 10.9605 5.2279 1.9045 1.3223 0.3813 1.0375 1.6552 0.6877 2.1044
   209     14 CYS    C         2.088    3.525    2.864  11.0909   0.2432 1 10.9695 10.8586 10.2629 10.1939 9.4668 6.9480 2.5907 1.4003 3.3718 3.6002 1.9125 0.6107 2.6472
   210     14 CYS    O         2.163    3.447    2.915  10.1558   0.2974 1 9.8641 9.6237 9.4223 9.3178 8.6852 6.5872 2.5732 1.5202 3.9005 3.7831 1.8391 0.5772 2.7956
   211     15 LYS    N         2.050    3.509    2.736  14.1508   0.3023 1 14.0890 14.0205 13.2309 13.1369 12.2969 9.0515 3.8641 2.4593 4.2899 4.2164 2.7726 0.7191 2.9705
   213     15 LYS    CA        2.069    3.400    2.646  15.8362   0.2316 1 15.7186 15.4083 14.6707 14.6957 13.5717 9.7846 3.7676 2.4598 4.4408 4.2184 2.3828 0.8136 2.8841
   215     15 LYS    CB        1.944    3.378    2.558  19.4785   0.2987 1 19.7631 19.3818 18.3698 18.1254 16.9980 12.3478 5.4348 4.0810 4.8831 4.6887 3.2494 1.4953 2.9205
   218     15 LYS    CG        1.818    3.349    2.645  21.5594   0.4753 1 21.8601 21.4593 20.7166 19.9770 19.3808 14.9395 7.4308 5.3928 5.3638 4.8096 4.2614 2.1994 3.8396
   221     15 LYS    CD        1.681    3.315    2.578  23.4026   0.5117 1 23.9470 23.2034 22.2059 21.4043 20.6492 16.3338 8.4873 5.9365 5.0465 3.8696 3.6452 2.3853 2.7141
   224     15 LYS    CE        1.567    3.298    2.682  24.6863   0.5688 1 24.8066 23.6817 22.8636 21.7811 21.2454 17.2129 9.6917 6.4728 5.5927 4.0245 3.7771 2.3688 2.3308
   227     15 LYS    NZ        1.442    3.243    2.627  26.2547   0.4939 1 26.3368 24.7541 23.2954 21.6872 20.9040 16.9425 10.2789 6.9260 6.0360 3.9120 3.2054 2.1934 1.4173
   231     15 LYS    C         2.195    3.401    2.555  14.5964   0.1030 1 14.7151 14.3258 13.7881 13.5662 12.5342 8.2519 3.0030 2.1029 4.2839 4.0680 2.1939 0.7956 2.2399
   232     15 LYS    O         2.214    3.312    2.474  16.0220  -0.0166 1 15.7361 15.3233 14.7666 14.3418 13.2474 8.3368 3.0890 2.4173 4.2364 4.2264 2.4823 1.0590 2.0585
   233     16 ALA    N         2.287    3.498    2.568  13.1039   0.0528 1 12.8186 12.6582 11.9905 11.7326 10.6602 7.0915 2.9875 2.0635 4.1329 4.0850 2.3098 0.6092 2.1719
   235     16 ALA    CA        2.410    3.497    2.485  12.4466  -0.1278 1 11.7721 11.5672 11.0410 10.6972 9.5267 6.0525 2.9605 2.0380 3.5622 4.0690 2.5567 0.7476 1.8466
   237     16 ALA    CB        2.482    3.631    2.502  11.6793  -0.2881 1 11.3888 11.0040 10.5652 10.0440 8.7406 5.0710 2.8031 1.8231 2.2759 2.9935 2.2319 0.3098 1.4778
   241     16 ALA    C         2.502    3.378    2.517  10.6713  -0.1965 1 9.7026 9.4438 9.0895 8.7546 7.7391 5.0145 2.6242 1.7216 3.6992 3.9205 2.2244 0.3238 1.3218
   242     16 ALA    O         2.488    3.307    2.613   9.7023  -0.1321 1 8.8196 8.5052 8.3033 8.0910 7.4098 4.7066 2.2049 1.4108 3.9700 3.6502 1.7891 0.0355 1.0910
   243     17 ARG    N         2.591    3.354    2.418  11.7323   0.0915 1 11.0000 10.6667 10.2124 9.8976 8.9405 6.2704 3.8946 2.6977 3.7701 4.4298 3.0335 1.2424 2.1589
   245     17 ARG    CA        2.685    3.244    2.406  12.2577  -0.1236 1 11.8691 11.3488 11.0270 10.6302 9.3698 5.9765 3.8876 2.6937 3.8436 4.1749 2.6987 1.0315 2.0270
   247     17 ARG    CB        2.649    3.156    2.282  16.4076  -0.3028 1 15.9550 15.6222 15.1129 14.6177 12.7191 6.8996 4.5087 3.4053 4.1639 4.3093 3.2414 1.8536 2.8186
   250     17 ARG    CG        2.509    3.083    2.292  18.1039  -0.3094 1 18.0110 17.4428 17.0880 16.3683 14.3353 7.4673 4.4093 3.7141 4.9240 4.7921 3.3558 2.0915 3.0655
   253     17 ARG    CD        2.489    2.979    2.184  22.0959  -0.4255 1 21.9840 21.1799 20.2924 19.2434 17.0185 7.8776 4.2974 3.7171 4.4218 3.9305 2.8321 2.1699 3.1000
   256     17 ARG    NE        2.469    3.038    2.054  23.7373  -0.2567 1 23.8561 23.0970 22.2424 20.7461 18.9335 10.3378 6.1209 4.9805 4.6377 4.1324 3.3733 2.7931 3.5897
   258     17 ARG    CZ        2.346    3.057    2.004  24.0649  -0.1236 1 23.9075 23.4183 22.5932 21.2269 19.9520 11.6597 6.5402 5.4673 4.9590 4.1569 3.3268 3.0200 3.8391
   259     17 ARG    NH1       2.239    3.034    2.063  24.2168  -0.1925 1 23.9065 23.2574 22.2284 20.5647 19.2489 11.1909 5.4983 4.7421 4.6082 3.7031 2.7601 2.4858 3.2609
   262     17 ARG    NH2       2.337    3.107    1.886  25.0300  -0.0404 1 25.0700 24.1714 22.9825 20.9835 19.8651 12.7066 7.6997 6.2114 5.4183 4.3948 3.4568 3.3233 3.9955
   265     17 ARG    C         2.832    3.301    2.394  11.2098  -0.1221 1 10.8361 10.5887 10.2214 9.8586 8.5367 5.4718 3.4773 2.3038 2.5962 2.9890 2.5707 1.0240 1.8896
   266     17 ARG    O         2.894    3.291    2.290  13.3996  -0.0832 1 13.8816 13.2579 12.7476 12.1174 10.6987 6.6817 3.8366 2.2474 1.4953 1.9715 1.9220 1.3648 1.3428
   267     18 ILE    N         2.877    3.372    2.494   7.3506   0.1181 1 6.9775 6.7926 6.5887 6.4298 5.7916 4.0430 2.1739 0.9170 1.0570 1.6972 1.4028 0.2919 0.4468
   269     18 ILE    CA        3.007    3.452    2.495   8.6773   0.0069 1 8.5362 8.3153 7.9725 7.6087 7.0360 4.5522 2.0560 0.6897 0.1379 0.7441 0.9920 0.1264 0.1559
   271     18 ILE    CB        2.988    3.601    2.527   9.3397   0.2538 1 9.7656 9.5642 9.1344 8.8931 8.1559 5.7241 2.5527 0.8886 0.3153 0.7696 0.9935 0.1679 0.1829
   273     18 ILE    CG2       3.118    3.686    2.532  10.2008   0.4556 1 10.9785 10.5247 10.0060 9.8081 8.8486 6.6132 3.7816 2.1424 2.1859 2.3913 2.4073 2.0120 1.9010
   277     18 ILE    CG1       2.887    3.656    2.419  13.1309  -0.1204 1 13.4848 13.0805 12.5647 12.0120 10.6107 6.3893 2.7201 0.9730 0.2374 0.9640 1.2234 0.2089 0.2429
   280     18 ILE    CD        2.864    3.806    2.400  14.8681  -0.0631 1 16.5582 15.9060 15.0785 14.3273 12.3393 7.5027 3.0940 1.2454 0.4953 1.0550 1.2794 0.2479 0.2734
   284     18 ILE    C         3.102    3.381    2.591   6.1349  -0.1378 1 5.6102 5.4298 5.3073 5.0690 4.6017 2.9710 1.1924 0.3213 0.0575 0.3208 0.3663 0.0300 0.0445
   285     18 ILE    O         3.072    3.356    2.705   2.5455      nan 0 2.1894 2.1729 2.0390 1.9125 1.8106 1.1354 0.3668 0.0500 0.0355 0.0915 0.1094 0.0060 0.0060
   286     19 ILE    N         3.224    3.355    2.540   8.8961  -0.2468 1 8.5142 8.2654 7.9345 7.5002 6.6307 4.0070 1.5762 0.3928 0.2444 0.2534 0.2684 0.1419 0.0900
   288     19 ILE    CA        3.337    3.301    2.623   7.2448  -0.3913 1 7.2814 7.0095 6.7806 6.2364 5.3063 2.8566 1.2259 0.3278 0.3858 0.2329 0.2434 0.2254 0.1584
   290     19 ILE    CB        3.445    3.226    2.542  12.3706  -0.6274 1 12.4803 12.1044 11.5937 10.7836 8.5997 3.2489 0.7656 0.0775 0.0710 0.0355 0.0810 0.0250 0.0220
   292     19 ILE    CG2       3.542    3.156    2.634  10.4376  -0.6904 1 11.1384 10.7076 10.4338 9.5417 7.4268 1.7396 0.2754 0.0125 0.0520 0.0010 0.0615 0.0420 0.0290
   296     19 ILE    CG1       3.385    3.131    2.441  15.7572  -0.7585 1 15.8426 15.0395 14.3258 13.0735 10.1844 2.9825 0.6942 0.0975 0.0430 0.0405 0.0985 0.0135 0.0135
   299     19 ILE    CD        3.293    3.030    2.502  14.7033  -0.8424 1 14.6482 13.9580 13.3653 12.1384 9.0565 1.8416 0.4463 0.0610 0.0405 0.0170 0.0780 0.0190 0.0145
   303     19 ILE    C         3.400    3.412    2.707   5.7872  -0.0130 1 5.6082 5.3523 5.1739 4.8111 4.4198 2.9875 1.5567 0.6787 1.0200 0.8866 0.9165 1.0165 1.0330
   304     19 ILE    O         3.453    3.510    2.649   8.2617   0.3385 1 8.0730 7.8091 7.5582 7.2159 6.6807 5.0395 2.8616 1.5607 2.0360 1.6732 1.7151 1.9705 1.8836
   305     20 ARG    N         3.392    3.395    2.841   2.7662      nan 0 2.3793 2.2634 2.2019 1.9955 1.9340 1.5882 1.1394 0.5677 0.9180 0.8181 0.8516 0.9565 0.9540
   307     20 ARG    CA        3.462    3.484    2.932   2.6723      nan 0 1.7331 1.6682 1.6277 1.4178 1.3998 1.2024 1.0815 0.6172 0.9585 0.8646 0.8566 1.0035 1.0195
   309     20 ARG    CB        3.351    3.567    3.001   1.8242      nan 0 1.6317 1.5782 1.4573 1.2569 1.1884 1.0720 1.0520 0.6337 0.9660 0.8926 0.8651 1.0175 1.0460
   312     20 ARG    CG        3.287    3.670    2.903   3.5225      nan 0 3.6167 3.5162 3.2769 3.0475 2.9235 2.3813 2.0690 1.5097 1.8731 1.7716 1.7491 1.9505 1.9460
   315     20 ARG    CD        3.386    3.776    2.860   5.8581   1.3914 1 6.0030 5.7511 5.5422 5.2899 4.9170 4.3718 3.4443 2.3483 2.5807 2.2004 2.1494 2.3198 2.2214
   318     20 ARG    NE        3.330    3.889    2.779   9.5345   1.4873 1 10.0135 9.6987 9.1264 8.9425 7.8246 7.2294 5.9085 3.8921 4.5627 3.7271 3.7196 3.7066 3.5507
   320     20 ARG    CZ        3.232    3.970    2.821  11.4815   1.5078 1 11.5147 11.2514 10.4653 10.5092 8.7116 8.1779 6.9970 4.8551 5.7131 4.9360 4.7726 4.5917 4.5722
   321     20 ARG    NH1       3.203    3.985    2.945  10.8501   1.6275 1 10.3663 10.1019 9.2454 9.4078 7.2634 7.4733 6.9230 4.8016 5.8466 5.1109 5.1549 4.9495 4.9510
   324     20 ARG    NH2       3.178    4.040    2.731  14.5405   1.0996 1 14.9770 14.5232 13.4088 13.4023 11.0110 9.5907 7.7296 5.1519 6.1634 5.1109 5.1179 4.9435 4.8706
   327     20 ARG    C         3.539    3.392    3.026   1.5814      nan 0 0.5422 0.4348 0.4338 0.3348 0.2649 0.2614 0.4183 0.2424 0.4113 0.3628 0.3353 0.3693 0.4138
   328     20 ARG    O         3.512    3.273    3.027   1.0599      nan 0 0.3718 0.3578 0.3178 0.1699 0.1274 0.0165 0.0130 0.0015 0.0470 0.0020 0.0425 0.0610 0.0310
   329     21 TYR    N         3.647    3.434    3.084   1.3417      nan 0 0.3413 0.2659 0.2539 0.1564 0.1299 0.0980 0.2474 0.1659 0.3148 0.3333 0.2919 0.3293 0.4188
   331     21 TYR    CA        3.720    3.359    3.185   1.0859      nan 0 0.0630 0.0590 0.0585 0.0140 0.0160 0.0045 0.0110 0.0005 0.0025 0.0000 0.0010 0.0020 0.0005
   333     21 TYR    CB        3.871    3.370    3.155   1.3407      nan 0 0.2559 0.2464 0.1669 0.0830 0.0635 0.0055 0.0130 0.0015 0.0105 0.0000 0.0240 0.0210 0.0450
   336     21 TYR    CG        3.931    3.327    3.027   3.6024      nan 0 2.6502 2.4313 2.2119 2.0245 1.8046 0.9645 0.4588 0.0205 0.1844 0.0000 0.1034 0.0640 0.1974
   337     21 TYR    CD1       4.023    3.225    3.036   7.2867  -0.8640 1 5.6697 5.3773 4.9975 4.9095 4.3733 0.9725 0.4593 0.0185 0.2419 0.0000 0.3913 0.1284 0.6132
   339     21 TYR    CE1       4.080    3.171    2.919  12.1738  -0.7565 1 10.6302 10.2059 9.6657 9.2814 8.0715 1.9115 0.8716 0.0325 0.3318 0.0000 0.3083 0.1259 0.5072
   341     21 TYR    CZ        4.044    3.224    2.795  13.0989  -0.6217 1 12.2874 11.7431 11.2659 10.8106 9.3193 3.2574 1.3428 0.0575 0.4108 0.0000 0.1314 0.0795 0.2489
   342     21 TYR    OH        4.104    3.176    2.685  17.6853  -0.6612 1 16.9340 16.0610 15.1369 14.2449 12.0980 4.3008 1.7076 0.0830 0.4363 0.0060 0.0755 0.0600 0.1629
   344     21 TYR    CE2       3.945    3.326    2.787   9.3057  -0.4432 1 8.9350 8.4583 8.0530 7.7596 6.6832 3.4883 1.6082 0.2324 0.5977 0.1964 0.1884 0.2319 0.2884
   346     21 TYR    CD2       3.891    3.375    2.904   5.0250  -0.3351 1 4.4158 4.1349 4.0180 3.7851 3.2754 2.2494 1.2324 0.2679 0.6572 0.3903 0.3373 0.4043 0.5137
   348     21 TYR    C         3.696    3.408    3.327   1.7233      nan 0 0.6082 0.5867 0.5972 0.6137 0.5972 0.4193 0.2799 0.2039 0.1279 0.1169 0.0870 0.0805 0.0605
   349     21 TYR    O         3.646    3.521    3.348   1.8721      nan 0 0.8466 0.8406 0.8676 0.8791 0.8401 0.8036 0.5652 0.7506 0.4933 0.2579 0.6692 0.0830 0.3783
   350     22 PHE    N         3.731    3.325    3.424   2.2078      nan 0 1.0020 1.0005 1.0015 1.0125 1.0010 1.0005 1.0060 1.0050 1.0035 1.0000 1.0015 1.0000 1.0000
   352     22 PHE    CA        3.727    3.354    3.570   1.7033      nan 0 1.3408 1.3608 1.3498 1.4598 1.3818 1.4478 1.4263 1.5427 1.3893 1.2784 1.4863 1.1899 1.3243
   354     22 PHE    CB        3.586    3.300    3.615   3.5025      nan 0 2.9610 2.9365 2.6822 2.6217 2.5802 2.4588 2.1849 2.0175 2.0955 2.0715 2.0415 1.9620 1.8831
   357     22 PHE    CG        3.575    3.153    3.633   3.3846      nan 0 3.1644 3.1419 2.9080 2.7916 2.6917 2.0160 1.7196 1.3573 1.6372 1.4593 1.3618 1.3003 1.1429
   358     22 PHE    CD1       3.558    3.060    3.526   3.8082      nan 0 4.1079 4.0495 3.6922 3.4163 3.1519 1.1054 1.0035 1.0015 1.2039 1.0090 1.7021 1.1744 1.7786
   360     22 PHE    CE1       3.534    2.929    3.547   7.6034  -0.6209 1 7.8271 7.5427 7.2009 6.6462 6.0215 1.1724 1.0080 1.0045 1.2399 1.0155 1.8241 1.1949 1.9545
   362     22 PHE    CZ        3.525    2.876    3.678   9.7063  -0.5850 1 10.0820 9.9580 9.4553 8.8286 7.9940 1.6312 1.2809 1.0365 1.2914 1.1149 1.5742 1.1764 1.6077
   364     22 PHE    CE2       3.546    2.966    3.787   9.3776  -0.6367 1 8.8756 8.6852 8.3083 7.7571 6.9195 1.8721 1.7191 1.2019 1.7931 1.7466 1.5707 1.7811 1.0915
   366     22 PHE    CD2       3.570    3.099    3.761   5.4785  -0.4481 1 5.3638 5.3028 4.9835 4.5682 4.0685 1.9605 1.8126 1.2894 1.8386 1.7996 1.5532 1.8231 1.0855
   368     22 PHE    C         3.840    3.283    3.635   1.3816      nan 0 1.6112 1.6477 1.4033 1.3533 1.3728 1.3783 1.2044 1.0375 1.1929 1.1589 1.0920 1.0850 1.0010
   369     22 PHE    O         3.901    3.192    3.572   1.0140      nan 0 1.0255 1.0210 1.0125 1.0070 1.0040 1.0000 1.0000 1.0000 1.0050 1.0000 1.0440 1.0220 1.0510
   370     23 TYR    N         3.868    3.324    3.759   2.1698      nan 0 2.4553 2.4678 2.2454 2.1559 2.1664 2.1024 1.9165 1.5037 1.8991 1.8881 1.6332 1.8761 1.2134
   372     23 TYR    CA        3.970    3.257    3.842   2.4336      nan 0 2.6712 2.7106 2.4098 2.2954 2.3073 2.4438 2.2454 2.0390 2.3248 2.2634 2.1929 2.1939 1.9770
   374     23 TYR    CB        4.055    3.364    3.921   2.2148      nan 0 2.4773 2.5427 2.2819 2.2244 2.2499 2.4288 2.2279 2.0430 2.3413 2.2629 2.2094 2.1749 1.9935
   377     23 TYR    CG        4.172    3.306    3.998   1.7672      nan 0 2.0780 2.0535 1.9985 1.9500 1.9720 2.2439 2.2094 2.0530 2.3728 2.2849 2.2354 2.1879 1.9955
   378     23 TYR    CD1       4.290    3.262    3.929   1.3417      nan 0 1.8276 1.7996 1.8131 1.7786 1.7751 1.4578 1.2194 1.1704 1.2299 1.1299 1.1124 1.1929 1.1284
   380     23 TYR    CE1       4.386    3.198    4.005   2.8382      nan 0 3.2029 3.0455 2.9765 2.7656 2.6037 2.4383 2.8371 2.7856 1.8376 2.3763 2.0190 1.2549 1.4858
   382     23 TYR    CZ        4.372    3.183    4.144   3.9680      nan 0 4.1199 4.0035 3.7866 3.5792 3.3468 3.0665 2.6912 2.7811 1.7936 2.5342 2.5382 1.2624 2.1944
   383     23 TYR    OH        4.475    3.128    4.206   8.5744   1.0948 1 8.4848 8.0605 7.7741 7.3038 6.7231 5.3288 4.4038 3.7316 2.0295 2.8561 2.2284 0.6307 1.1769
   385     23 TYR    CE2       4.260    3.236    4.213   3.8212      nan 0 4.1404 3.9550 3.6227 3.4238 3.1824 2.7596 2.7891 2.5762 2.6462 3.1459 2.9260 2.5237 2.2334
   387     23 TYR    CD2       4.158    3.293    4.136   2.3497      nan 0 2.3543 2.3663 2.2659 2.2834 2.3463 3.1924 3.4273 2.8921 3.0055 3.2739 2.8741 2.8206 2.1829
   389     23 TYR    C         3.910    3.153    3.937   3.3726      nan 0 3.8181 3.7956 3.5652 3.3828 3.3198 2.8411 2.7356 2.1449 2.8111 2.8521 2.5512 2.9190 2.0000
   390     23 TYR    O         3.812    3.177    4.006   4.6214   1.7515 1 5.1189 5.0425 4.7086 4.4233 4.2434 3.1144 3.0035 2.1689 2.9370 3.2024 2.6577 3.5917 2.0000
   391     24 ASN    N         3.973    3.035    3.936   3.9211      nan 0 4.2229 4.2119 3.9870 3.7646 3.6702 2.8501 2.7406 2.1374 2.7761 2.8431 2.5192 2.9530 1.9995
   393     24 ASN    CA        3.940    2.920    4.024   6.0470   0.4411 1 6.5007 6.4098 6.1479 5.7356 5.5882 3.0830 2.9685 2.1624 2.8966 3.1389 2.6197 3.4278 2.0000
   395     24 ASN    CB        3.924    2.795    3.933   8.8452  -0.4274 1 8.9345 8.6782 8.3538 7.8646 7.4393 2.8071 2.5392 1.8741 2.2099 2.2969 1.8596 2.4393 1.4203
   398     24 ASN    CG        3.898    2.669    4.015  12.1219  -0.5406 1 12.3323 12.1569 11.6827 10.9595 10.2249 2.4863 2.1359 1.3868 1.9275 2.0430 1.5587 2.1719 1.0805
   399     24 ASN    OD1       3.907    2.662    4.136  12.9301  -0.5115 1 13.1279 12.7911 12.3403 11.7106 10.9095 3.0735 2.7896 1.9800 2.4833 2.5727 2.0725 2.7046 1.5192
   400     24 ASN    ND2       3.870    2.565    3.944  13.7303  -0.6498 1 14.0000 13.5582 12.9970 12.2184 11.0500 1.2919 1.1439 1.0075 1.0305 1.0830 1.0355 1.1239 1.0155
   403     24 ASN    C         4.044    2.905    4.135   6.4665   0.5845 1 6.9625 6.8531 6.4773 6.0975 5.8981 3.5852 3.0545 2.1769 2.9260 3.2069 2.6437 3.5557 2.0000
   404     24 ASN    O         4.149    2.841    4.108   5.7113   1.1713 1 5.4313 5.3323 5.1964 5.0475 4.9390 3.5917 3.0560 2.2544 2.7141 2.7886 2.4568 2.8791 1.9950
   405     25 ALA    N         4.017    2.954    4.259   7.8412   0.8847 1 8.5192 8.1684 7.6697 7.2209 6.7421 4.2634 3.9075 2.7571 3.0615 3.5827 2.7901 3.9375 2.0640
   407     25 ALA    CA        4.102    2.946    4.374  10.4635  -0.2594 1 10.7746 10.3188 9.8956 9.3198 8.3823 4.5367 3.6747 2.5182 2.6667 3.3708 2.3913 3.0360 1.4963
   409     25 ALA    CB        4.062    3.052    4.482  12.0829  -0.2907 1 12.3428 12.0035 11.6597 11.0155 9.8691 5.0115 3.7241 2.5462 2.5617 3.3898 2.3803 3.0235 1.4638
   413     25 ALA    C         4.123    2.807    4.436  12.8212  -0.3807 1 12.8976 12.3403 11.9955 11.1089 10.0650 4.8291 3.7506 2.9080 2.6687 3.1664 2.2749 2.6392 1.6557
   414     25 ALA    O         4.223    2.780    4.501  15.3916  -0.2539 1 14.9440 14.3598 13.6352 12.7571 11.4813 6.8916 4.9945 4.0020 3.1784 3.4043 2.6712 2.3838 2.1169
   415     26 LYS    N         4.036    2.712    4.409  13.2797  -0.4254 1 14.1549 13.6682 13.1564 12.3253 11.2304 4.2034 2.8681 1.6957 2.0255 2.1214 1.5692 2.4723 1.1709
   417     26 LYS    CA        4.067    2.571    4.435  16.3986  -0.5219 1 16.0895 15.6447 15.1284 14.1844 13.0590 4.3303 2.6162 1.6162 1.8291 1.6542 1.2339 1.8516 0.9065
   419     26 LYS    CB        3.940    2.486    4.447  17.9131  -0.5699 1 17.9770 17.4883 16.8651 15.9625 14.6902 3.4213 1.5242 0.6087 0.6882 0.8486 0.5832 1.0950 0.2654
   422     26 LYS    CG        3.960    2.338    4.484  21.2557  -0.4606 1 21.5237 21.0175 20.1379 19.0950 17.8261 6.1799 2.7471 1.5117 1.1294 1.1804 0.9565 1.2694 0.7296
   425     26 LYS    CD        4.021    2.329    4.621  23.2328  -0.3273 1 23.3013 22.5282 21.7866 20.6312 19.2934 9.0765 5.2239 4.1549 3.6042 3.3133 2.9595 3.1499 2.7216
   428     26 LYS    CE        4.028    2.183    4.676  24.1898  -0.1704 1 24.2159 23.5997 22.3958 21.2164 19.7866 11.3183 6.3508 4.7331 3.8206 3.3738 3.1704 3.0810 2.8101
   431     26 LYS    NZ        4.106    2.086    4.590  24.5934  -0.1112 1 24.7571 23.7431 22.4278 21.2509 19.7521 12.0460 6.8506 4.8911 3.9355 3.3648 3.0610 2.9600 2.6447
   435     26 LYS    C         4.176    2.517    4.350  15.1598  -0.4490 1 14.9320 14.3758 13.8971 12.9935 11.9780 4.9935 2.9995 2.0060 1.8596 1.6252 1.1609 1.6557 0.9920
   436     26 LYS    O         4.266    2.453    4.401  16.0060  -0.2356 1 16.1144 15.4333 14.7391 13.8286 12.5927 7.1484 4.5347 3.1324 2.7536 2.1109 1.5787 1.6862 1.3698
   437     27 ALA    N         4.166    2.541    4.217  12.4156  -0.5813 1 12.0195 11.6637 10.9730 10.3398 9.2959 3.0875 1.7781 1.0125 0.8636 0.9120 0.6017 1.0335 0.4188
   439     27 ALA    CA        4.263    2.485    4.121  12.7812  -0.5266 1 12.5892 12.1689 11.7431 10.8911 9.5322 3.8416 2.0400 1.2624 0.9020 0.6462 0.4768 0.4218 0.2924
   441     27 ALA    CB        4.185    2.472    3.989  12.3137  -0.7631 1 11.5797 11.1974 10.6252 9.9235 8.4043 1.2814 0.4583 0.1584 0.0965 0.0615 0.0705 0.0365 0.0385
   445     27 ALA    C         4.391    2.568    4.104  13.5315  -0.5079 1 13.2429 12.7466 12.1394 11.3438 9.5647 4.6607 2.7326 1.8821 1.4943 1.1384 0.7976 0.7281 0.4963
   446     27 ALA    O         4.485    2.514    4.051  15.8911  -0.5257 1 15.5867 14.9950 14.1779 13.1104 10.9495 5.5167 3.1179 2.0140 1.5332 1.1159 0.7696 0.6347 0.4258
   447     28 GLY    N         4.390    2.692    4.145  10.4006  -0.0705 1 10.7306 10.2419 9.8846 9.2499 8.1664 5.2139 3.5372 2.5977 1.7186 1.4618 0.8856 0.6537 0.5382
   449     28 GLY    CA        4.493    2.792    4.141  11.6963   0.6694 1 11.9830 11.5842 11.2679 10.5327 9.7281 7.1974 5.3938 4.3483 2.6702 2.8551 1.8486 0.8236 1.0115
   452     28 GLY    C         4.514    2.865    4.005  10.9301   0.0083 1 10.8426 10.4523 10.0125 9.4268 8.3203 5.5877 4.1769 3.2989 2.0165 2.3093 1.5732 0.7956 0.8071
   453     28 GLY    O         4.624    2.918    3.982  13.2258  -0.0364 1 13.1359 12.7211 12.1309 11.3528 10.0150 6.6942 4.7706 3.7451 2.2944 2.5722 1.8886 0.8636 0.9520
   454     29 LEU    N         4.419    2.869    3.909   7.1499  -0.3468 1 7.4158 6.8661 6.5162 5.9250 4.9475 3.0720 2.0225 1.6067 1.4458 1.3353 1.3238 1.2329 1.1984
   456     29 LEU    CA        4.441    2.898    3.762   7.4875  -0.6244 1 7.8356 7.4758 7.1364 6.4038 5.1579 2.0445 1.3938 1.2379 1.1774 1.1044 1.2314 1.1494 1.2459
   458     29 LEU    CB        4.497    2.782    3.683  11.2308  -0.7763 1 11.8716 11.3118 10.7691 9.9200 7.4918 1.2859 0.6217 0.4808 0.4808 0.3953 0.6342 0.5022 0.6612
   461     29 LEU    CG        4.426    2.641    3.701  13.3766  -0.8140 1 13.8441 13.3973 12.8351 11.8236 8.7116 1.0665 0.4378 0.2649 0.2804 0.2124 0.4638 0.2374 0.5377
   463     29 LEU    CD1       4.276    2.628    3.665  10.9750  -0.7498 1 11.8746 11.2884 10.8351 10.0390 7.5777 1.2224 1.0150 1.0050 1.1569 1.0015 1.6697 1.0850 2.0475
   467     29 LEU    CD2       4.488    2.527    3.616  17.5485  -0.8026 1 18.1769 17.3568 16.4398 15.2069 11.5797 1.4158 0.4588 0.2169 0.1829 0.0785 0.3688 0.0925 0.4728
   471     29 LEU    C         4.308    2.963    3.696   4.5664  -0.7577 1 4.9785 4.6792 4.2569 3.7626 2.8726 1.0365 1.0010 1.0015 1.0365 1.0005 1.1789 1.0905 1.2774
   472     29 LEU    O         4.214    2.995    3.769   2.1538      nan 0 1.9990 1.9025 1.8226 1.6227 1.3668 1.0130 1.0000 1.0000 1.0215 1.0000 1.1089 1.0680 1.1609
   473     30 CYS    N         4.308    3.002    3.570   5.6603  -0.7525 1 6.3108 5.9525 5.4593 4.9030 3.6977 1.0380 1.0000 1.0000 1.0625 1.0000 1.3213 1.1169 1.5027
   475     30 CYS    CA        4.187    3.046    3.497   4.6523  -0.6954 1 5.0150 4.7396 4.3433 3.9275 3.1299 1.0325 1.0000 1.0000 1.1339 1.0000 1.6267 1.1714 1.9645
   477     30 CYS    CB        4.202    3.192    3.445   4.9720  -0.9276 1 4.4253 4.2424 3.8586 3.4638 2.7461 1.0240 1.0000 1.0000 1.0570 1.0000 1.2149 1.1194 1.3573
   480     30 CYS    SG        4.211    3.320    3.570   2.6364      nan 0 2.2984 2.0900 1.9185 1.6367 1.3718 1.0170 1.0000 1.0000 1.0085 1.0000 1.0215 1.0655 1.0610
   481     30 CYS    C         4.135    2.951    3.392   7.7912  -0.6363 1 8.1434 7.8676 7.4428 7.0005 6.0195 1.2184 1.0000 1.0000 1.3733 1.0000 2.4228 1.2704 3.0065
   482     30 CYS    O         4.209    2.892    3.317  11.2677  -0.7026 1 11.5827 11.1764 10.5942 9.9030 8.2644 1.2699 1.0035 1.0005 1.3688 1.0000 2.3993 1.2659 2.9780
   483     31 GLN    N         4.002    2.936    3.388   6.3487  -0.5349 1 6.9360 6.6277 6.3148 6.0720 5.3968 1.3093 1.0000 1.0000 1.3948 1.0000 2.4638 1.2909 3.0705
   485     31 GLN    CA        3.922    2.856    3.297   8.7732  -0.5495 1 9.2209 8.8856 8.5972 8.3378 7.7871 1.3608 1.0000 1.0000 1.4373 1.0000 2.4898 1.3013 3.0890
   487     31 GLN    CB        3.868    2.732    3.378  11.6673  -0.5736 1 11.9430 11.7291 11.4803 11.1924 10.3558 1.4013 1.0000 1.0000 1.4343 1.0000 2.4918 1.2889 3.0715
   490     31 GLN    CG        3.956    2.659    3.485  12.9900  -0.6311 1 12.8136 12.5077 12.2024 11.7061 10.6287 1.3928 1.0000 1.0000 1.4038 1.0000 2.4673 1.2544 3.0550
   493     31 GLN    CD        3.879    2.541    3.541  16.6424  -0.6369 1 16.4703 16.1909 15.6952 15.0315 13.7451 1.4673 1.0065 1.0020 1.3893 0.9990 2.4203 1.2154 2.9720
   494     31 GLN    OE1       3.830    2.552    3.654  15.2178  -0.6451 1 15.4453 14.9850 14.4433 13.6077 12.3913 1.3613 1.0030 1.0000 1.3423 1.0000 2.2594 1.1674 2.7456
   495     31 GLN    NE2       3.851    2.433    3.459  20.5125  -0.6897 1 20.3778 19.7136 18.7621 17.8246 16.0575 1.1414 0.0880 0.0295 0.4098 0.0010 1.4028 0.2319 1.9420
   498     31 GLN    C         3.820    2.942    3.235   6.9790  -0.4850 1 7.4003 7.2149 6.9345 6.8781 6.6422 1.3318 1.0000 1.0000 1.4363 0.9995 2.4668 1.2849 3.0595
   499     31 GLN    O         3.800    3.054    3.271   3.8182      nan 0 4.0555 3.8746 3.7436 3.6977 3.5837 1.2349 1.0000 1.0000 1.4028 1.0000 2.3608 1.2774 2.9345
   500     32 THR    N         3.764    2.903    3.118  10.1069  -0.6254 1 10.2729 10.0275 9.6797 9.4763 8.6662 0.6957 0.0340 0.0060 0.4278 0.0010 1.4198 0.2774 1.9975
   502     32 THR    CA        3.653    2.965    3.039   7.6364  -0.6974 1 7.7171 7.5037 7.2764 6.8961 5.9970 0.2824 0.0010 0.0015 0.3613 0.0035 1.1384 0.2409 1.5577
   504     32 THR    CB        3.663    2.927    2.894  11.2118  -0.7314 1 11.3228 10.9720 10.6472 10.1454 8.4228 0.3108 0.0030 0.0010 0.3023 0.0010 0.9050 0.2394 1.1809
   506     32 THR    CG2       3.778    2.990    2.820  12.5135  -0.8050 1 11.8656 11.3768 10.9335 10.3098 8.4208 0.5132 0.0525 0.0085 0.2794 0.0005 0.7926 0.2179 1.0410
   510     32 THR    OG1       3.682    2.792    2.874  15.6344  -0.7398 1 15.9695 15.2859 14.6722 13.8406 11.5597 0.5152 0.0240 0.0085 0.3943 0.0025 1.2379 0.2419 1.7266
   512     32 THR    C         3.514    2.932    3.101   8.9421  -0.6989 1 8.7446 8.5912 8.3848 7.9635 7.0315 0.2899 0.0035 0.0105 0.3268 0.0145 0.9860 0.2384 1.2289
   513     32 THR    O         3.503    2.825    3.166  12.2298  -0.7079 1 12.0000 11.5682 11.2244 10.5787 9.4938 0.3803 0.0045 0.0115 0.4018 0.0150 1.2864 0.2409 1.7106
   514     33 PHE    N         3.408    3.008    3.071   6.7962  -0.7391 1 6.6327 6.5017 6.3308 5.8836 5.0305 0.2229 0.0035 0.0125 0.2529 0.0160 0.7596 0.1839 0.8426
   516     33 PHE    CA        3.261    2.974    3.087   7.9321  -0.6894 1 8.4838 8.2769 8.0585 7.4278 6.3488 0.2279 0.0095 0.0130 0.2059 0.0245 0.5562 0.1394 0.5727
   518     33 PHE    CB        3.217    2.994    3.230   7.4306  -0.6189 1 8.3648 8.2969 8.0290 7.4973 6.6232 0.2989 0.0205 0.0205 0.1409 0.0595 0.3138 0.1199 0.2544
   521     33 PHE    CG        3.208    3.139    3.278   5.0100  -0.6890 1 5.2259 5.0895 4.8501 4.5282 3.9010 0.3183 0.0790 0.0540 0.1849 0.2114 0.2024 0.1674 0.0235
   522     33 PHE    CD1       3.323    3.211    3.305   2.3267      nan 0 3.0435 2.9780 2.9205 2.7316 2.5312 0.5017 0.1299 0.0860 0.0905 0.0370 0.1544 0.0655 0.0235
   524     33 PHE    CE1       3.319    3.346    3.347   1.0809      nan 0 2.1739 2.0135 2.1584 1.1164 2.1069 1.9885 1.3398 1.0770 1.2204 1.3618 1.4413 1.0600 0.8746
   526     33 PHE    CZ        3.197    3.405    3.369   1.3616      nan 0 2.7691 2.4738 2.5667 1.4718 2.3198 2.0655 1.4608 1.1824 1.6337 2.2344 2.2114 2.1504 1.4198
   528     33 PHE    CE2       3.075    3.341    3.351   2.6893      nan 0 3.6612 3.3493 3.5402 2.3898 3.2929 2.9025 1.8306 1.3718 2.1149 2.4243 2.2654 2.1474 0.9725
   530     33 PHE    CD2       3.081    3.207    3.301   5.0849  -0.4354 1 5.9740 5.7411 5.5972 4.6642 4.7546 1.3158 0.4943 0.2969 0.8561 0.8791 0.4483 0.8671 0.0270
   532     33 PHE    C         3.187    3.047    2.979   6.0430  -0.7189 1 6.5297 6.3848 6.1914 5.6392 4.6762 0.0770 0.0055 0.0125 0.0805 0.0175 0.1379 0.0670 0.0335
   533     33 PHE    O         3.237    3.137    2.912   2.8911      nan 0 3.3518 3.3108 3.1734 2.7871 2.2149 0.0440 0.0035 0.0120 0.0685 0.0150 0.1074 0.0590 0.0270
   534     34 VAL    N         3.062    3.004    2.955   8.3297  -0.7462 1 8.8916 8.6447 8.3088 7.5427 6.1734 0.1319 0.0075 0.0125 0.1074 0.0385 0.1269 0.0525 0.0220
   536     34 VAL    CA        2.958    3.073    2.877   6.9820  -0.6967 1 7.9740 7.7796 7.4868 6.8161 5.4063 0.3923 0.0680 0.0125 0.8926 0.7311 0.1554 0.0035 0.0000
   538     34 VAL    CB        2.860    2.970    2.814  11.8631  -0.7229 1 12.6602 12.2034 11.7011 10.8326 8.6712 0.9700 0.1704 0.0125 1.6247 1.4188 0.1814 0.0005 0.0005
   540     34 VAL    CG1       2.726    3.035    2.780  10.7872  -0.5805 1 12.0100 11.5502 11.2534 10.5287 8.8966 1.8651 0.5742 0.4483 3.3373 2.8856 0.7871 0.0000 0.6572
   544     34 VAL    CG2       2.917    2.927    2.676  14.0899  -0.8506 1 14.2459 13.6422 13.1829 11.9355 8.9385 0.6357 0.1049 0.0160 0.9905 0.6377 0.0830 0.0005 0.0010
   548     34 VAL    C         2.892    3.172    2.973   4.7333  -0.5301 1 5.4433 5.3563 5.2474 4.9480 4.3428 0.7401 0.1769 0.0145 1.7671 1.4813 0.2014 0.0030 0.0000
   549     34 VAL    O         2.836    3.135    3.072   7.2368  -0.5033 1 7.7756 7.6172 7.4908 7.1579 6.4948 1.4953 0.2624 0.0390 2.0640 1.6767 0.2364 0.0335 0.0005
   550     35 TYR    N         2.908    3.299    2.934   1.8791      nan 0 2.1009 1.9790 1.9535 1.7646 1.6292 0.5302 0.1564 0.0135 1.6122 1.3583 0.1749 0.0000 0.0000
   552     35 TYR    CA        2.841    3.419    2.987   0.7003      nan 0 0.8131 0.7846 0.8446 0.7466 0.7411 0.6162 0.1814 0.0140 1.9160 1.4698 0.1429 0.0000 0.0000
   554     35 TYR    CB        2.944    3.530    3.010   0.0140      nan 0 0.9870 0.8336 0.9575 0.0050 0.8341 0.1399 0.0110 0.0005 0.2124 0.2574 0.0225 0.0000 0.0000
   557     35 TYR    CG        2.885    3.670    3.020   1.3337      nan 0 2.0175 1.8016 1.7901 0.7196 1.3988 0.8811 0.0400 0.0050 0.0760 0.1004 0.0190 0.0015 0.0000
   558     35 TYR    CD1       2.812    3.713    3.134   1.1109      nan 0 2.0745 1.8741 1.8591 0.7791 1.5192 1.1754 0.4298 0.1189 0.6317 0.9260 0.8916 0.5697 0.2324
   560     35 TYR    CE1       2.769    3.842    3.142   3.0450      nan 0 4.5847 4.2624 4.0790 3.0065 3.2569 2.9790 1.9320 1.0505 1.5192 1.7346 1.8031 1.4163 1.1369
   562     35 TYR    CZ        2.789    3.939    3.037   6.1489   1.0940 1 7.6077 7.2839 6.8846 5.9265 5.3923 4.2399 3.2694 2.1404 2.5242 2.1929 2.3723 2.1259 2.1000
   563     35 TYR    OH        2.752    4.069    3.047   9.8501   1.3134 1 10.9380 10.5837 9.7941 9.6942 7.9720 6.8106 5.6947 3.7316 4.1874 3.4538 3.1889 3.1154 3.1099
   565     35 TYR    CE2       2.862    3.899    2.923   6.2398   0.2307 1 6.4638 6.1534 5.7126 5.4488 4.0665 3.3128 2.6892 1.6327 2.2644 1.9350 2.1614 2.0240 1.9885
   567     35 TYR    CD2       2.904    3.762    2.916   3.5914      nan 0 3.4978 3.2629 3.0075 2.8551 2.0325 1.6667 1.2009 0.5902 0.8271 0.6352 0.4438 0.4948 0.3988
   569     35 TYR    C         2.724    3.458    2.896   1.5834      nan 0 1.7491 1.7531 1.7251 1.7286 1.6727 1.1544 0.3628 0.0170 2.2069 1.8081 0.1244 0.0000 0.0010
   570     35 TYR    O         2.740    3.460    2.774   1.4136      nan 0 1.4733 1.4788 1.4883 1.5052 1.4623 1.2634 0.7056 0.2859 2.3183 2.3523 0.7926 0.0240 0.1694
   571     36 GLY    N         2.610    3.484    2.960   2.3516      nan 0 2.4348 2.4183 2.3623 2.4293 2.3838 1.7671 0.5802 0.0320 2.3348 1.9680 0.1264 0.0005 0.0015
   573     36 GLY    CA        2.481    3.514    2.899   3.1618      nan 0 3.2944 3.1619 3.0810 3.2019 2.9705 2.2089 0.6957 0.0930 2.9320 2.5117 0.4073 0.0025 0.3428
   576     36 GLY    C         2.468    3.650    2.835   4.3916  -0.1403 1 4.2904 4.2014 3.9255 3.8741 3.3743 2.1184 0.8101 0.2644 2.2124 1.9585 0.3313 0.1779 0.6882
   577     36 GLY    O         2.354    3.677    2.793   6.9451  -0.1903 1 6.7821 6.6067 6.3208 6.1914 5.4788 3.2204 1.0750 0.4663 2.3033 2.1284 0.4778 0.2594 1.0585
   578     37 GLY    N         2.568    3.741    2.840   4.6134  -0.9281 1 4.1229 3.8921 3.6812 3.4078 2.5132 1.1409 0.3373 0.0885 1.7646 1.4323 0.2034 0.0215 0.0705
   580     37 GLY    CA        2.542    3.873    2.783   9.0799  -0.5963 1 8.3673 8.0365 7.6467 7.3213 6.0715 2.8966 1.3768 0.8251 0.7851 0.8131 0.6027 0.5392 0.6587
   583     37 GLY    C         2.465    3.981    2.864  11.9351  -0.4071 1 11.3148 11.0000 10.5427 10.1054 8.7801 4.5917 2.2864 1.6177 1.2854 1.2934 1.1779 1.1194 1.5842
   584     37 GLY    O         2.452    4.091    2.812  16.1738  -0.3628 1 15.6472 15.0610 14.1469 13.4643 11.6532 6.6717 3.5962 2.4458 1.8026 1.6652 1.4513 1.3103 1.6807
   585     38 CYS    N         2.422    3.949    2.989   8.8122  -0.2829 1 8.7291 8.4128 8.0370 7.7916 6.6702 3.8251 2.2099 1.6112 1.2529 1.1679 0.9865 0.9310 1.3708
   587     38 CYS    CA        2.382    4.057    3.076  10.4765   0.1046 1 10.8446 10.5372 10.0875 9.8961 8.6757 5.5832 3.7006 2.7731 2.3903 2.1509 1.5997 1.9940 2.1454
   589     38 CYS    CB        2.231    4.078    3.059  13.2617  -0.2611 1 13.2079 12.7626 12.1364 11.6577 10.2119 5.8316 3.2529 2.3978 1.5397 1.5647 0.9770 1.2714 1.7511
   592     38 CYS    SG        2.119    3.945    3.121  11.8062  -0.5021 1 11.0735 10.8216 10.4258 9.9345 8.6272 3.9020 1.3648 0.9505 0.2264 0.7416 0.8971 0.5842 1.8711
   593     38 CYS    C         2.412    4.020    3.227   7.3227   0.4933 1 7.6202 7.3778 7.1509 6.7686 5.9795 4.3038 3.1804 2.3243 2.0370 1.7861 1.2109 1.5292 1.4283
   594     38 CYS    O         2.432    3.901    3.266   3.1798      nan 0 2.7186 2.6752 2.4298 2.3248 2.0520 1.5347 1.0145 0.7431 0.7901 0.4853 0.1644 0.3398 0.2274
   595     39 ARG    N         2.418    4.117    3.317  11.3936   0.4357 1 11.4323 10.9580 10.4143 9.8466 8.7966 6.5232 4.9165 3.4773 2.8606 2.5347 1.7346 1.8861 1.7851
   597     39 ARG    CA        2.451    4.121    3.465  11.7233   1.3618 1 11.6622 11.3383 10.8281 10.3208 9.6772 7.8286 6.3998 5.1779 4.3118 3.7846 2.6412 2.2769 2.7046
   599     39 ARG    CB        2.334    4.058    3.546  12.2797   1.0393 1 12.2404 11.9640 11.1779 10.7521 10.0005 7.8921 6.2619 5.2279 4.5687 4.0700 3.0100 2.4468 3.0975
   602     39 ARG    CG        2.199    4.116    3.511  15.0290   0.1831 1 14.4508 14.0130 13.1294 12.4623 11.3578 8.1119 5.8291 4.5647 3.9315 3.5252 2.3818 2.0365 2.7246
   605     39 ARG    CD        2.088    4.080    3.612  17.1528   0.0593 1 17.2189 16.4018 15.4713 14.7151 13.0800 8.9725 6.1019 4.5552 4.0230 3.6912 2.7166 1.9130 2.3528
   608     39 ARG    NE        1.968    4.168    3.588  20.5305  -0.1745 1 20.1659 19.4973 18.3963 17.5017 15.3203 9.7291 6.6402 4.8996 4.3933 4.0635 3.1619 2.4298 2.9580
   610     39 ARG    CZ        1.856    4.149    3.658  22.2857  -0.0942 1 22.1889 21.5852 20.4458 19.5612 17.2494 11.0465 7.2794 5.1579 4.5067 4.1694 3.0850 2.2019 2.8766
   611     39 ARG    NH1       1.841    4.060    3.747  22.5604  -0.1043 1 22.5907 21.6317 20.4148 19.3638 16.9650 11.1304 7.4183 5.3888 4.7491 4.3858 3.2184 2.2579 2.8651
   614     39 ARG    NH2       1.750    4.222    3.627  24.3586  -0.1885 1 24.2649 23.1984 21.6862 20.4403 17.8481 11.4798 7.4178 5.2319 4.4203 3.9710 2.9210 2.0520 2.7301
   617     39 ARG    C         2.589    4.053    3.507   9.6154   1.3886 1 10.1654 9.7036 9.4258 7.9860 8.4133 7.0350 5.3833 4.1514 3.8881 3.9075 3.1284 2.8811 2.8881
   618     39 ARG    O         2.587    3.988    3.615   8.8222   1.7086 1 9.1939 8.6452 8.4623 7.0370 7.5977 6.5597 5.1909 4.2004 4.1374 4.1429 3.5427 2.8706 2.9640
   619     40 ALA    N         2.696    4.068    3.433  11.3407   1.2208 1 11.8186 11.3768 10.9095 9.4773 9.5652 8.1009 6.1419 4.5672 4.6022 4.6182 3.8521 3.7391 3.5707
   621     40 ALA    CA        2.825    4.034    3.481  10.8991   1.0973 1 11.2774 10.8011 10.4173 9.1369 9.2904 8.2249 5.7666 3.9650 3.8836 3.9550 3.3673 2.8106 2.9080
   623     40 ALA    CB        2.937    4.080    3.388  12.4965   0.9969 1 12.1034 11.5762 11.0605 10.1124 9.4838 8.6772 6.4668 3.5762 4.2759 4.1589 3.9600 3.7171 3.2934
   627     40 ALA    C         2.862    4.080    3.622  12.4615   1.1484 1 13.8301 13.1394 12.7236 11.0570 11.1584 9.5262 6.7466 4.4743 4.1649 4.2384 3.9195 2.9100 3.1394
   628     40 ALA    O         2.850    4.197    3.659  15.3596   1.1614 1 16.8706 16.0305 15.3593 13.6582 13.3913 11.4358 8.4178 5.3438 5.0050 4.7901 3.7786 3.4473 3.3988
   629     41 LYS    N         2.912    3.983    3.703  10.1548   1.6684 1 11.7216 11.2319 11.0800 9.7296 10.1279 8.7611 6.1354 4.7191 4.3683 4.3333 4.7241 3.2654 3.7651
   631     41 LYS    CA        2.995    4.004    3.822  11.0849   5.2007 1 12.2869 11.8451 11.7331 10.3683 10.8886 9.7081 7.4948 6.0230 5.7181 5.5622 5.9040 4.6097 4.6852
   633     41 LYS    CB        2.969    3.882    3.912  11.2667   1.7926 1 12.1309 11.6822 11.4948 10.1489 10.6222 8.5012 6.3448 5.5282 5.3953 5.3433 5.8631 4.7821 4.6612
   636     41 LYS    CG        2.822    3.875    3.950  14.0989   1.8446 1 15.3783 14.8316 14.6167 13.2519 13.3963 10.8516 8.3473 6.9415 6.7181 6.6982 6.5457 5.2444 5.3153
   639     41 LYS    CD        2.806    3.789    4.081  16.0689   1.5068 1 17.0600 16.5242 16.3738 14.9055 14.9870 11.6497 8.9040 7.4188 7.3788 7.4038 6.9395 5.9185 5.6482
   642     41 LYS    CE        2.656    3.777    4.125  19.6763   0.5388 1 19.5542 19.0135 18.3993 17.8586 16.4858 11.9195 8.5487 6.7506 6.5742 6.0165 4.6757 3.8281 3.7411
   645     41 LYS    NZ        2.601    3.912    4.165  21.4785   1.1561 1 21.8256 20.9460 19.8886 19.1104 17.6022 14.0305 11.3028 8.9025 8.5772 7.4063 5.7026 4.9520 4.6792
   649     41 LYS    C         3.137    4.029    3.775  10.0759   2.6002 1 11.6467 11.1939 11.1534 9.8686 10.4238 9.2929 6.8901 5.2524 4.9365 4.9670 5.3013 3.8731 4.1384
   650     41 LYS    O         3.163    4.042    3.658  10.2068   1.4131 1 12.2649 11.7721 11.4853 10.2524 10.5967 9.1729 6.1159 4.0570 3.5807 3.5072 3.8126 2.6137 2.5112
   651     42 ARG    N         3.227    4.043    3.873  12.0120   1.1148 1 12.2039 11.6512 11.5182 10.0640 10.5317 8.9245 6.3218 4.6892 4.3928 4.3783 4.8146 3.7446 3.5912
   653     42 ARG    CA        3.362    4.106    3.860  11.4925   1.6852 1 11.7976 11.6537 11.4438 10.8386 10.9195 9.9155 7.1289 5.3188 4.8401 4.8786 5.2709 4.1259 3.9075
   655     42 ARG    CB        3.410    4.175    3.991  13.1269   1.7972 1 12.4073 12.2904 11.9270 11.7501 11.0255 9.9140 7.8551 6.3803 5.6687 5.3178 5.8936 4.8621 4.7321
   658     42 ARG    CG        3.347    4.311    4.017  17.1968   1.2183 1 16.4873 16.1109 15.6547 15.1534 14.1049 12.2534 9.4093 6.6787 5.6132 4.8626 4.6492 4.1584 3.9410
   661     42 ARG    CD        3.403    4.393    4.129  19.8561   0.8442 1 19.0165 18.4268 17.5687 16.8006 15.1294 12.4438 9.7176 7.0330 5.9875 5.2074 5.0340 4.7276 4.4398
   664     42 ARG    NE        3.522    4.469    4.090  20.6154   0.9019 1 20.7691 20.0740 19.2354 18.7126 16.5627 13.7691 10.2389 7.0595 5.8921 5.2044 4.6927 4.2269 4.0405
   666     42 ARG    CZ        3.619    4.521    4.157  20.6244   0.9316 1 20.8366 20.0375 19.3773 18.6102 16.3218 13.1279 10.3358 8.0225 6.8321 6.0170 5.7431 5.3273 4.9925
   667     42 ARG    NH1       3.628    4.523    4.288  21.1459   0.8299 1 21.1054 20.2209 19.4248 18.4698 16.1259 13.0535 10.3233 8.2249 6.8711 5.6477 5.5877 5.2264 4.9040
   670     42 ARG    NH2       3.711    4.575    4.088  20.9011   0.4736 1 21.5852 20.4178 19.2159 18.2839 15.6977 12.1784 9.0495 7.0715 6.0000 5.3038 4.8361 4.4098 4.3358
   673     42 ARG    C         3.467    3.997    3.817   8.5445   2.7979 1 8.6512 8.5777 8.4133 7.7816 8.2149 7.5972 5.4218 4.5517 4.2329 4.4328 4.9605 3.7826 3.5412
   674     42 ARG    O         3.566    4.032    3.755   7.4585      nan 1 7.6057 7.6017 7.3928 7.2879 7.2134 7.2354 6.2129 5.3473 5.0410 5.2484 5.5977 4.3683 4.2489
   675     43 ASN    N         3.440    3.872    3.845   5.6494   6.4754 1 6.8276 6.4963 6.6102 5.4803 6.3038 5.8506 4.2209 3.7456 3.4113 3.6332 4.1499 2.9390 2.7326
   677     43 ASN    CA        3.531    3.757    3.807   3.3137      nan 0 3.6702 3.6357 3.7961 3.2144 3.8891 3.8361 2.6242 2.4253 2.2489 2.4843 3.1014 2.0700 2.0550
   679     43 ASN    CB        3.527    3.644    3.915   2.3686      nan 0 2.2154 2.2089 2.1929 2.1969 2.2254 2.5332 2.3243 2.0790 2.4698 2.6947 3.2529 2.4308 2.0130
   682     43 ASN    CG        3.635    3.542    3.895   3.3806      nan 0 3.2544 3.2204 3.1389 3.0955 3.0940 2.9630 2.5502 2.4648 2.6082 2.3878 2.9445 2.1859 2.0355
   683     43 ASN    OD1       3.730    3.570    3.820   2.6104      nan 0 2.2124 2.2619 2.2324 2.3048 2.3663 2.6072 2.6097 2.6502 2.9810 2.6822 3.2654 2.4708 2.3548
   684     43 ASN    ND2       3.636    3.426    3.955   3.5205      nan 0 4.1059 4.1244 4.0450 3.9230 4.0550 4.4003 3.9340 3.9550 3.9520 3.6282 4.2764 3.3123 3.4348
   687     43 ASN    C         3.499    3.709    3.659   3.7403      nan 0 4.5637 4.1829 4.3018 3.1569 3.9195 3.6302 2.4268 2.1959 2.0955 2.3348 3.0125 2.0110 2.0080
   688     43 ASN    O         3.459    3.593    3.632   2.0589      nan 0 2.9905 2.8126 3.0135 2.0070 3.0040 2.9390 2.0000 2.0000 2.0000 2.2584 2.9905 2.0000 2.0000
   689     44 ASN    N         3.512    3.807    3.565   6.1858   5.6138 1 7.3113 7.0000 7.0505 5.8461 6.7571 6.1799 4.3883 3.7726 3.3758 3.5602 3.9085 2.7306 2.7136
   691     44 ASN    CA        3.458    3.797    3.427   6.1558   1.6025 1 6.7011 6.3568 6.3173 5.0530 5.7936 5.2124 3.6992 2.7871 2.7956 3.3013 3.0490 2.8821 2.4198
   693     44 ASN    CB        3.317    3.849    3.421   6.7013   1.5022 1 7.4373 7.2419 6.9615 6.0195 6.4088 5.7646 4.0810 2.8236 2.8831 3.2634 2.9945 2.7141 2.3328
   696     44 ASN    CG        3.244    3.833    3.289   5.7972   1.6266 1 6.5917 6.2359 6.1624 5.1449 5.4263 5.1414 3.7811 2.5297 2.9580 3.3183 3.2259 2.8241 2.3893
   697     44 ASN    OD1       3.299    3.851    3.181   7.1508   0.8963 1 7.0150 6.5552 6.4188 5.3538 5.3508 4.8696 3.5422 2.4103 3.0395 3.0820 3.3063 3.0195 2.7601
   698     44 ASN    ND2       3.113    3.807    3.282   4.9061   1.2106 1 5.8906 5.5922 5.5107 4.4068 4.7696 4.2829 2.7631 1.6912 2.0280 2.4238 2.4958 2.0335 1.6497
   701     44 ASN    C         3.558    3.889    3.351   8.5914   1.6822 1 8.5167 8.3803 8.1734 7.6727 7.6752 7.0455 5.1699 4.0210 3.7246 4.0070 3.8781 3.0685 2.7661
   702     44 ASN    O         3.579    4.004    3.387  10.3057   5.3004 1 10.1234 9.8431 9.3643 9.1244 8.5932 7.9085 6.9945 5.7671 5.5237 5.6402 5.5777 4.4568 4.3533
   703     45 PHE    N         3.630    3.821    3.268   6.4256   1.0480 1 5.4403 5.1874 4.9585 4.6632 4.4273 3.8356 3.2769 2.7711 2.5072 2.4268 2.1144 1.9955 2.0560
   705     45 PHE    CA        3.739    3.860    3.190   7.0539   1.4848 1 5.7631 5.5647 5.3428 5.0700 4.8876 4.1754 3.8266 3.2949 3.3103 3.2649 3.0730 3.0435 3.1034
   707     45 PHE    CB        3.862    3.800    3.263   6.4695   0.1036 1 4.7666 4.6567 4.3748 4.1789 4.0115 3.3278 2.8171 2.5152 2.3133 2.3053 2.2254 2.1289 2.1489
   710     45 PHE    CG        3.887    3.842    3.413   7.0929   0.9586 1 5.6462 5.4823 5.2394 4.9795 4.9090 4.0770 3.5577 3.2549 2.9425 2.9670 2.6922 2.5192 2.4408
   711     45 PHE    CD1       3.876    3.745    3.519   3.9600      nan 0 2.2549 2.1424 2.0155 1.8241 1.7311 1.3168 1.0445 0.9170 0.7176 0.6697 0.4763 0.3598 0.3323
   713     45 PHE    CE1       3.920    3.785    3.644   2.4975      nan 0 2.0815 1.9600 1.7186 1.5367 1.4713 1.1184 0.9350 0.8391 0.7341 0.7456 0.6952 0.5807 0.5327
   715     45 PHE    CZ        3.965    3.918    3.674   4.3726   5.7598 1 4.5522 4.3808 4.1744 4.0250 3.7716 3.5597 3.1319 2.8931 2.7521 2.6707 2.3908 2.1469 2.0680
   717     45 PHE    CE2       3.961    4.013    3.575   7.8611      nan 1 7.9705 7.7991 7.3563 7.2099 6.5897 6.2179 5.9835 5.7986 5.5497 5.6322 5.3318 4.9225 4.8611
   719     45 PHE    CD2       3.922    3.973    3.444   9.4715   5.3725 1 8.1664 7.9375 7.6892 7.5512 7.2824 6.7931 6.1964 5.6607 5.3603 5.2314 4.8801 4.5602 4.4358
   721     45 PHE    C         3.737    3.813    3.042   6.2897      nan 1 5.2304 5.0880 4.8836 4.6432 4.4623 4.1644 4.1194 3.3608 3.7371 3.4828 3.4763 3.7186 3.7501
   722     45 PHE    O         3.668    3.718    3.014   5.2178   1.2581 1 4.0575 3.9835 3.8331 3.6992 3.5547 3.4643 2.8831 2.0690 2.2964 2.0490 1.9115 2.0700 2.1039
   723     46 LYS    N         3.818    3.873    2.954   8.9071   1.5573 1 7.7801 7.5227 7.2164 7.1424 6.7801 6.3688 5.4178 3.9015 4.1769 3.7731 3.7471 3.9875 3.9215
   725     46 LYS    CA        3.801    3.868    2.803  12.4266   0.7624 1 11.5487 11.2749 10.8286 10.5612 9.9780 8.3258 5.8141 3.6052 3.8856 3.2114 3.1000 3.2629 3.0850
   727     46 LYS    CB        3.786    4.008    2.753  17.3067   0.7482 1 15.5837 15.2559 14.5157 14.3428 13.4558 11.2134 8.1174 5.2319 5.2069 4.3803 4.1434 4.2199 4.0260
   730     46 LYS    CG        3.650    4.069    2.780  17.4156   1.1682 1 16.9295 16.7031 15.7386 15.5702 14.3313 12.1264 9.4308 6.5022 6.5222 5.4413 5.1129 5.0630 4.7736
   733     46 LYS    CD        3.645    4.212    2.722  21.3716   1.4330 1 21.2644 20.7751 19.4158 19.3153 17.3918 15.4253 12.6687 8.7936 8.9530 7.2489 7.0945 6.8196 6.5107
   736     46 LYS    CE        3.509    4.279    2.758  22.6364   1.3547 1 22.4678 21.8786 20.0430 20.0605 17.0175 15.0120 13.0235 9.0885 10.0135 8.1569 8.2249 7.7851 7.6162
   739     46 LYS    NZ        3.496    4.304    2.906  21.9890   1.6270 1 21.9180 21.2794 19.4553 19.5667 16.6022 15.1229 13.6527 9.8856 10.8986 9.2514 9.2519 8.6937 8.6702
   743     46 LYS    C         3.917    3.802    2.733  13.0210   0.6709 1 12.9960 12.8296 12.2494 12.0570 11.3133 9.4063 5.5427 2.1429 2.7121 1.8596 1.8251 2.1259 2.0595
   744     46 LYS    O         3.904    3.753    2.620  14.5904   0.4509 1 15.7276 15.0575 14.3553 13.7301 12.5947 9.7856 5.0830 1.6307 2.4768 1.6702 1.7021 1.9845 1.9520
   745     47 SER    N         4.030    3.786    2.801  12.7093   0.6146 1 11.9080 11.5537 11.2054 10.8921 10.2144 8.7406 5.2989 2.0250 2.6322 1.7406 1.7476 1.9735 1.8916
   747     47 SER    CA        4.151    3.724    2.754  13.7922   0.5554 1 13.6302 13.2904 12.9920 12.5232 11.8236 9.6252 5.3213 1.4103 1.9120 1.0135 0.9040 1.0930 1.0895
   749     47 SER    CB        4.239    3.829    2.690  17.0709   0.6095 1 16.4903 16.1514 15.6142 15.1784 14.4188 12.1359 6.9035 2.0785 2.4228 1.4668 1.4668 1.6332 1.6442
   752     47 SER    OG        4.296    3.925    2.781  16.8462   0.7923 1 16.0810 15.7076 15.1539 14.8006 14.0570 12.0920 7.8796 3.2329 3.1874 2.0645 2.0800 2.1709 2.0745
   754     47 SER    C         4.223    3.651    2.867   9.5914   0.5932 1 9.8391 9.6022 9.3173 9.0750 8.5047 6.7881 3.8226 0.8456 1.1864 0.3518 0.3323 0.4233 0.3853
   755     47 SER    O         4.231    3.702    2.979   6.4615   1.2179 1 6.2914 6.1189 5.9345 5.8806 5.5852 5.3983 3.8831 1.6832 1.8081 1.1034 0.9145 0.9235 0.8841
   756     48 ALA    N         4.276    3.534    2.847  11.0040  -0.1136 1 10.9345 10.5722 9.9680 9.4973 8.4113 5.3968 2.7431 0.1954 0.6942 0.0075 0.0265 0.0560 0.0635
   758     48 ALA    CA        4.334    3.452    2.956   9.7043  -0.4488 1 9.5707 9.3823 8.6967 8.1299 7.0930 3.5352 2.0365 0.1279 0.5582 0.0000 0.0230 0.0575 0.0775
   760     48 ALA    CB        4.376    3.319    2.909  13.7283  -0.5734 1 13.4978 13.0835 12.3828 11.6567 10.0090 3.7846 2.0130 0.1299 0.5207 0.0020 0.0455 0.0720 0.1229
   764     48 ALA    C         4.440    3.517    3.043  10.5245  -0.8077 1 9.5542 9.2424 8.5772 7.8476 6.2709 2.5487 1.6522 0.1364 0.4673 0.0050 0.0195 0.0615 0.0660
   765     48 ALA    O         4.455    3.498    3.168   9.0080  -0.9328 1 8.0695 7.9115 7.4228 6.7631 5.0030 1.5822 1.0035 0.0895 0.3113 0.0000 0.0160 0.0745 0.0610
   766     49 GLU    N         4.515    3.605    2.975  13.0649  -0.4745 1 11.4773 11.3203 10.7791 10.2444 8.9335 4.9590 3.3113 1.1129 1.4968 0.9165 0.8951 0.9280 0.9195
   768     49 GLU    CA        4.620    3.693    3.024  12.4316  -0.2030 1 12.5517 12.3738 11.8776 11.2984 9.8536 5.6992 3.6282 1.3818 1.5807 1.0510 1.0500 1.0440 1.0415
   770     49 GLU    CB        4.665    3.772    2.898  17.0040   0.3788 1 17.4958 17.1199 16.6017 15.8306 14.4183 10.0460 6.6707 2.9395 2.6587 1.7156 1.4203 1.3563 1.2309
   773     49 GLU    CG        4.786    3.866    2.934  18.6374   1.0302 1 19.1034 18.8566 18.4608 17.5377 16.4418 12.4668 9.6862 6.3098 5.7291 4.4903 3.9625 3.6822 3.4963
   776     49 GLU    CD        4.855    3.960    2.827  22.8352   1.3179 1 23.9920 23.5087 23.0735 22.0820 20.9430 16.8841 13.1394 8.7971 7.6027 5.9830 5.1509 4.8566 4.6082
   777     49 GLU    OE1       4.777    4.027    2.756  21.1469   1.5226 1 22.6927 22.0915 21.3078 20.2964 19.3133 16.7981 13.4363 8.6752 7.3188 5.5307 4.6227 4.3773 4.0905
   778     49 GLU    OE2       4.980    3.961    2.820  24.4875   1.2566 1 25.4143 24.5772 23.7266 22.5777 21.2399 17.3503 13.6267 9.5017 8.1909 6.5402 5.5627 5.1019 4.8386
   779     49 GLU    C         4.576    3.786    3.142   9.1648  -0.4065 1 8.9110 8.7326 8.2454 7.5977 6.5107 3.6417 2.9155 1.6027 1.5577 1.1729 1.1114 1.1364 1.0875
   780     49 GLU    O         4.646    3.792    3.242   7.7712  -0.4097 1 8.4183 8.2519 7.8456 7.2694 6.1969 2.7416 1.6747 1.2919 1.2304 1.0715 1.0240 1.0525 0.9990
   781     50 ASP    N         4.464    3.849    3.116   8.7173   0.9720 1 7.7221 7.7276 7.2764 6.9015 6.4368 5.2309 4.4453 2.7336 2.5217 2.0410 1.9550 1.9580 1.9245
   783     50 ASP    CA        4.412    3.952    3.206   8.8102   1.3073 1 7.8626 7.7601 7.4688 7.1369 6.9480 5.8781 4.9090 3.6032 2.8826 2.4443 2.2869 2.2299 2.1704
   785     50 ASP    CB        4.298    4.037    3.135  10.5944   2.3554 1 9.9535 9.8201 9.3218 9.2764 9.0480 8.4173 7.4943 5.7926 4.6512 4.1274 3.7626 3.6482 3.5552
   788     50 ASP    CG        4.285    4.178    3.190  14.2188   2.4217 1 14.7111 14.2954 13.7226 13.4488 12.8376 11.4548 9.9240 7.8131 6.4068 5.7996 5.5302 5.2409 5.1754
   789     50 ASP    OD1       4.383    4.258    3.178  16.0480   2.2401 1 16.7156 16.1859 15.6032 15.2094 14.4363 13.1209 11.2789 8.6177 6.7551 5.8556 5.4783 5.1229 5.0190
   790     50 ASP    OD2       4.176    4.204    3.240  14.9840   2.7239 1 15.4333 14.8541 14.1954 13.9625 13.1999 11.8841 10.5742 8.5917 7.2214 6.6347 6.1444 5.6587 5.6107
   791     50 ASP    C         4.355    3.889    3.338   5.7443   0.4199 1 4.5667 4.4828 4.3703 4.1234 3.8381 3.0605 2.6827 2.2484 1.7916 1.6237 1.4693 1.3918 1.3298
   792     50 ASP    O         4.380    3.935    3.449   4.3736   5.0012 1 3.8726 3.7741 3.6332 3.4968 2.9970 2.6497 2.4368 2.3918 2.1964 2.2129 2.1979 2.0590 2.0795
   793     51 CYS    N         4.280    3.774    3.327   3.3127      nan 0 1.9235 1.8296 1.7071 1.6622 1.7146 1.2874 1.1764 1.0430 0.9915 0.9880 0.9870 0.9870 0.9890
   795     51 CYS    CA        4.234    3.691    3.439   1.2997      nan 0 0.1494 0.1574 0.1424 0.1359 0.1424 0.1584 0.1719 0.1484 0.1519 0.1179 0.1104 0.0995 0.1134
   797     51 CYS    CB        4.153    3.565    3.382   1.1618      nan 0 0.1754 0.1434 0.0970 0.0505 0.0365 0.0010 0.0000 0.0000 0.0020 0.0000 0.0000 0.0145 0.0070
   800     51 CYS    SG        4.071    3.452    3.500   1.3057      nan 0 0.9935 0.9960 0.9820 0.9910 1.0040 1.0005 1.0000 1.0000 1.0030 1.0000 1.0005 1.0165 1.0060
   801     51 CYS    C         4.358    3.653    3.526   0.9421      nan 0 0.5337 0.5392 0.4523 0.3098 0.1984 0.0150 0.0000 0.0000 0.0015 0.0000 0.0000 0.0075 0.0010
   802     51 CYS    O         4.360    3.697    3.640   0.2977      nan 0 0.2114 0.1954 0.0880 0.0770 0.0335 0.0035 0.0000 0.0000 0.0000 0.0000 0.0000 0.0000 0.0000
   803     52 MET    N         4.464    3.586    3.474   3.6434      nan 0 3.3423 3.1709 2.9215 2.3653 1.6757 0.2259 0.0045 0.0000 0.0020 0.0000 0.0000 0.0385 0.0095
   805     52 MET    CA        4.576    3.554    3.561   6.8052  -0.8385 1 6.4978 6.3148 5.8851 5.3368 4.1344 1.0870 0.1009 0.0385 0.0230 0.0030 0.0065 0.0370 0.0080
   807     52 MET    CB        4.683    3.461    3.495  11.3007  -0.8320 1 11.4293 10.9910 10.2654 9.1809 7.0005 1.5277 0.1649 0.0835 0.0420 0.0120 0.0120 0.0500 0.0135
   810     52 MET    CG        4.625    3.324    3.459  11.0200  -0.9041 1 11.7321 11.0930 10.4113 9.1539 6.5237 0.7176 0.0495 0.0210 0.0130 0.0020 0.0190 0.0645 0.0400
   813     52 MET    SD        4.547    3.227    3.598  10.7473  -1.3034 1 9.5092 8.9105 8.2609 7.0350 4.8921 0.5562 0.1274 0.0685 0.0415 0.0195 0.0870 0.1029 0.1349
   814     52 MET    CE        4.683    3.226    3.714  15.3836  -0.9869 1 12.3193 11.8911 11.2654 10.3943 8.1474 3.1804 1.8816 1.5862 0.9650 1.0935 0.8206 0.3918 0.3978
   818     52 MET    C         4.659    3.681    3.614   8.2378  -0.6689 1 7.8006 7.5297 7.1154 6.5467 5.4773 2.1624 0.9005 0.7351 0.4993 0.4298 0.3283 0.3253 0.2544
   819     52 MET    O         4.708    3.678    3.727  11.3217  -0.4838 1 10.1314 9.7276 9.5187 8.7476 7.9500 4.1019 1.8241 1.3443 0.9275 0.7531 0.6262 0.6122 0.5522
   820     53 ARG    N         4.673    3.787    3.542   7.7323  -0.5628 1 7.9765 7.6672 7.1944 6.6007 5.5722 2.2649 0.8836 0.7031 0.4463 0.3413 0.2509 0.2254 0.1819
   822     53 ARG    CA        4.738    3.911    3.586  11.4905  -0.4208 1 11.3928 10.7821 10.2109 9.4703 8.2809 4.4268 2.1739 1.6417 1.0660 0.9085 0.7246 0.7336 0.5587
   824     53 ARG    CB        4.747    4.012    3.469  12.7902  -0.2934 1 13.2059 12.5567 11.9920 11.0960 9.8956 5.4378 2.4243 1.4903 0.8826 0.7246 0.5637 0.4823 0.3438
   827     53 ARG    CG        4.813    4.144    3.511  16.8871  -0.0357 1 17.1024 16.3268 15.5477 14.5157 13.0970 8.5827 5.3413 3.9840 2.9770 2.7361 2.4513 2.1604 2.0050
   830     53 ARG    CD        4.836    4.243    3.389  18.0030   0.2726 1 18.7881 18.0510 17.3308 16.1849 14.5897 10.2604 6.6767 4.7986 3.5922 3.1749 2.9775 2.7046 2.5527
   833     53 ARG    NE        4.708    4.292    3.337  18.0859   1.0620 1 18.6387 18.1479 17.5397 16.5982 15.3358 12.1204 9.3658 7.0705 5.4748 4.6242 4.1739 3.9015 3.5167
   835     53 ARG    CZ        4.651    4.408    3.359  20.3237   1.2353 1 20.0920 19.6822 18.9665 17.9420 16.6872 13.8226 11.0070 8.3148 6.5702 5.5987 5.2939 4.9420 4.5527
   836     53 ARG    NH1       4.692    4.496    3.446  22.8531   0.8138 1 22.5922 21.6322 20.5622 19.3648 17.6367 14.3903 11.0695 8.1649 6.3433 5.3203 4.8566 4.4468 4.0065
   839     53 ARG    NH2       4.550    4.446    3.287  20.8771   1.5953 1 20.7891 20.0005 19.2279 18.1804 16.8351 14.6812 12.5167 9.4333 7.4553 6.3673 5.9715 5.5367 5.2449
   842     53 ARG    C         4.670    3.972    3.703  12.8561  -0.2722 1 12.6692 12.0820 11.4993 10.6387 9.4328 5.7071 3.4373 2.8926 2.2829 2.1784 1.9805 1.8486 1.6952
   843     53 ARG    O         4.739    4.025    3.790  15.6633  -0.0157 1 15.6047 14.8186 14.1089 13.1439 11.9155 8.0125 5.1414 4.3898 3.6227 3.3783 3.1059 2.9090 2.7961
   844     54 THR    N         4.536    3.959    3.709   8.6533  -0.1097 1 8.6652 8.1424 7.5427 7.0275 6.2084 4.2664 2.8126 2.1179 1.6627 1.5047 1.3453 1.2379 1.1834
   846     54 THR    CA        4.453    4.017    3.811   9.5345  -0.3345 1 8.9120 8.5077 7.6442 7.1074 6.0715 4.3188 3.2849 2.6982 2.2609 2.0520 1.7896 1.6472 1.5752
   848     54 THR    CB        4.315    4.037    3.757   8.4845  -0.9858 1 7.7246 7.1709 6.2744 5.7571 4.3793 2.9040 1.9770 1.8156 1.8466 1.8626 1.9550 1.7686 1.7891
   850     54 THR    CG2       4.211    4.102    3.845  10.2507  -0.5730 1 9.2334 8.7046 8.0090 7.3863 5.9410 4.3278 3.1514 3.0460 3.0170 3.0755 3.0500 2.7486 2.7251
   854     54 THR    OG1       4.319    4.123    3.650   9.7383  -0.1840 1 8.8961 8.3953 7.5952 7.1379 5.8371 4.7551 4.2144 4.3238 4.2509 4.2419 4.1759 3.8461 3.8326
   856     54 THR    C         4.440    3.926    3.932   7.8052  -0.4334 1 7.5197 7.0545 6.4123 5.9800 4.9780 3.3113 2.4683 2.0025 1.7526 1.6712 1.4913 1.5342 1.4228
   857     54 THR    O         4.465    3.965    4.046  10.4216  -0.2368 1 10.3093 9.6942 9.0000 8.3988 7.2479 4.8281 3.4943 2.8721 2.4293 2.3118 2.0395 2.0775 1.9280
   858     55 CYS    N         4.413    3.800    3.908   4.2607  -0.2660 1 4.1814 3.7981 3.4208 3.2689 2.8586 1.9625 1.6232 1.2784 1.0485 0.9930 0.8281 0.7631 0.6367
   860     55 CYS    CA        4.368    3.705    4.012   3.3646      nan 0 3.0175 2.8036 2.4198 2.2944 1.9005 1.4318 1.1819 0.9735 0.8211 0.7631 0.6687 0.6077 0.4993
   862     55 CYS    CB        4.230    3.640    3.976   0.8292      nan 0 0.8371 0.7091 0.7321 0.6267 0.5957 0.1059 0.0060 0.0000 0.0000 0.0005 0.0005 0.0010 0.0005
   865     55 CYS    SG        4.087    3.754    3.977   0.0789      nan 0 0.0970 0.0435 0.0400 0.0205 0.0110 0.0080 0.0090 0.0145 0.0160 0.0140 0.0190 0.0230 0.0200
   866     55 CYS    C         4.464    3.588    4.040   5.6673   0.1077 1 4.9235 4.6557 4.4428 4.2029 4.0715 2.9645 2.2624 1.8846 1.4433 1.4338 1.2099 0.9155 0.7571
   867     55 CYS    O         4.438    3.515    4.130   5.3417   1.2657 1 4.7316 4.6097 4.3933 4.2494 4.0435 3.5052 2.8376 2.3533 1.3983 1.6902 1.3018 0.5442 0.6427
   868     56 GLY    N         4.576    3.579    3.975   8.7353   0.0950 1 8.0250 7.7051 7.4383 6.9755 6.6087 4.6217 3.1589 2.7891 2.1779 2.1264 1.8746 1.4588 1.3153
   870     56 GLY    CA        4.689    3.495    4.002  11.2118   1.1625 1 11.2449 10.8356 10.6312 10.2204 9.6337 7.7626 5.8296 4.9020 3.6737 3.5452 2.8606 2.0245 1.8486
   873     56 GLY    C         4.748    3.509    4.150  15.9850   1.8709 1 15.5132 14.8826 14.4908 13.8291 13.0535 10.7686 8.7736 7.9510 6.4683 6.6722 6.1954 4.8316 4.9225
   874     56 GLY    OC1       4.763    3.406    4.211  18.2657   2.1901 1 17.4318 16.8441 16.4408 15.6897 14.8971 12.9830 11.0095 9.8216 7.2594 7.8266 6.7656 4.4618 4.6567
   875     56 GLY    OC2       4.769    3.629    4.188  16.8092   1.9991 1 16.4353 15.7886 15.3188 14.6457 13.8311 11.6457 9.5907 8.5107 7.1454 6.8691 6.2629 5.4728 5.1724
