# atom_index_1based resid resname atomname x_nm y_nm z_nm n0 nS eta surface
     1      1 LYS    N         4.46600    3.05700    3.25700  11.510490   9.982509 0.867253   1
     5      1 LYS    CA        4.37700    3.12100    3.15300  11.832168  10.136432 0.856684   1
     7      1 LYS    CB        4.22800    3.10500    3.18900  12.081918   8.383308 0.693872   1
    10      1 LYS    CG        4.13100    3.16600    3.07800  11.595405   8.061969 0.695273   1
    13      1 LYS    CD        3.98400    3.11700    3.07800  13.014985   6.824588 0.524364   1
    16      1 LYS    CE        3.91100    3.21000    2.98700  14.849151   6.853573 0.461546   1
    19      1 LYS    NZ        3.95200    3.20900    2.84300  18.357642   7.964518 0.433853   1
    23      1 LYS    C         4.41900    3.26500    3.13300   9.369630   8.823088 0.941669   1
    24      1 LYS    O         4.43700    3.33600    3.23300   5.644356   6.209395 1.100107   1
    25      2 VAL    N         4.41200    3.31100    3.00900  11.808192   8.658671 0.733277   1
    27      2 VAL    CA        4.41500    3.45400    2.97000  11.406593   6.579710 0.576834   1
    29      2 VAL    CB        4.52200    3.47700    2.86100  17.034965   7.628186 0.447796   1
    31      2 VAL    CG1       4.51900    3.62500    2.81200  15.736264   6.355822 0.403897   1
    35      2 VAL    CG2       4.67300    3.44200    2.89100  16.740260   7.069465 0.422303   1
    39      2 VAL    C         4.27200    3.49900    2.92300   8.909091   5.974013 0.670552   1
    40      2 VAL    O         4.22300    3.45300    2.82300  11.903097   7.174913 0.602777   1
    41      3 PHE    N         4.20500    3.58700    2.99000   6.004995   4.374813 0.728529   1
    43      3 PHE    CA        4.07100    3.63800    2.96000   4.901099   3.923538 0.800543   1
    45      3 PHE    CB        4.00000    3.67200    3.09500   1.889111   1.669665 nan        0
    48      3 PHE    CG        3.94300    3.55500    3.17200   1.651349   2.634183 nan        0
    49      3 PHE    CD1       4.00400    3.50400    3.28900   0.741259   1.517741 nan        0
    51      3 PHE    CE1       3.94800    3.38700    3.34300   3.867133   2.054473 nan        0
    53      3 PHE    CZ        3.82000    3.34500    3.29900   6.441558   2.944028 0.457037   1
    55      3 PHE    CE2       3.75100    3.41300    3.20300   7.325674   3.891054 0.531153   1
    57      3 PHE    CD2       3.81700    3.51200    3.13600   5.608392   3.592704 0.640594   1
    59      3 PHE    C         4.07300    3.75600    2.85800   8.972028   5.577211 0.621622   1
    60      3 PHE    O         4.15800    3.84200    2.85600   9.550450   6.448276 0.675180   1
    61      4 GLY    N         3.97300    3.74600    2.76600  10.740260   6.676662 0.621648   1
    63      4 GLY    CA        3.93900    3.87100    2.69000  12.042957   6.779110 0.562911   1
    66      4 GLY    C         3.88000    3.98200    2.78600   8.986014   5.785607 0.643846   1
    67      4 GLY    O         3.84000    3.94700    2.89600   5.823177   4.133433 0.709824   1
    68      5 ARG    N         3.86800    4.10700    2.73300   9.575425   6.250875 0.652804   1
    70      5 ARG    CA        3.80500    4.21400    2.80800   6.134865   4.388306 0.715306   1
    72      5 ARG    CB        3.81200    4.33200    2.71000   8.995005   5.720640 0.635980   1
    75      5 ARG    CG        3.77400    4.46400    2.77200   7.474525   4.665167 0.624142   1
    78      5 ARG    CD        3.79800    4.58800    2.69300  10.342657   5.796602 0.560456   1
    81      5 ARG    NE        3.72200    4.59000    2.56800  13.664336   5.913543 0.432772   1
    83      5 ARG    CZ        3.59500    4.62600    2.54700  12.389610   4.417291 0.356532   1
    84      5 ARG    NH1       3.51700    4.66000    2.64400   8.686314   2.567216 0.295547   1
    87      5 ARG    NH2       3.55100    4.64500    2.42700  15.245754   4.267366 0.279905   1
    90      5 ARG    C         3.66300    4.17600    2.84600   3.714286   3.096952 nan        0
    91      5 ARG    O         3.63000    4.18500    2.96400   1.869131   2.118941 nan        0
    92      6 CYS    N         3.58100    4.12000    2.75400   7.496503   3.831084 0.511050   1
    94      6 CYS    CA        3.43500    4.09500    2.77500   8.189810   3.122439 0.381259   1
    96      6 CYS    CB        3.36200    4.11900    2.63600  11.678322   3.243378 0.277726   1
    99      6 CYS    SG        3.36100    4.28600    2.56900  11.967033   3.295852 0.275411   1
   100      6 CYS    C         3.40700    3.95800    2.83100   8.950050   3.539230 0.395443   1
   101      6 CYS    O         3.32000    3.94400    2.91500   9.685315   3.975512 0.410468   1
   102      7 GLU    N         3.49000    3.86200    2.80500   9.926074   3.933533 0.396283   1
   104      7 GLU    CA        3.49000    3.72800    2.86700  10.876124   3.954523 0.363597   1
   106      7 GLU    CB        3.59900    3.65100    2.79500  12.769231   4.845577 0.379473   1
   109      7 GLU    CG        3.59500    3.50500    2.84300  15.333666   4.354323 0.283971   1
   112      7 GLU    CD        3.70500    3.41100    2.80200  17.330669   6.010495 0.346813   1
   113      7 GLU    OE1       3.82200    3.45300    2.78600  14.171828   6.611694 0.466538   1
   114      7 GLU    OE2       3.67800    3.29500    2.75800  19.363636   6.317841 0.326273   1
   115      7 GLU    C         3.52200    3.73600    3.02000   6.451548   3.394303 0.526122   1
   116      7 GLU    O         3.45800    3.67800    3.10800   7.096903   3.001999 0.423001   1
   117      8 LEU    N         3.61600    3.82400    3.06200   2.431568   2.447776 nan        0
   119      8 LEU    CA        3.64600    3.84200    3.20700   0.997003   1.612194 nan        0
   121      8 LEU    CB        3.76700    3.94100    3.22200   0.002997   0.866067 nan        0
   124      8 LEU    CG        3.79000    3.97400    3.37400   0.224775   0.061469 nan        0
   126      8 LEU    CD1       3.79800    3.84500    3.45300   0.768232   0.912544 nan        0
   130      8 LEU    CD2       3.90900    4.06400    3.39800   0.125874   0.019490 nan        0
   134      8 LEU    C         3.52000    3.91600    3.27200   1.223776   1.725137 nan        0
   135      8 LEU    O         3.46700    3.87100    3.37200   0.991009   2.109945 nan        0
   136      9 ALA    N         3.46700    4.02100    3.20800   1.356643   1.847076 nan        0
   138      9 ALA    CA        3.35400    4.09900    3.25800   1.864136   1.669165 nan        0
   140      9 ALA    CB        3.34000    4.22600    3.16900   2.689311   1.983008 nan        0
   144      9 ALA    C         3.22200    4.01600    3.26800   3.959041   3.924038 nan        0
   145      9 ALA    O         3.14700    4.03400    3.36700   4.307692   3.017491 0.700489   1
   146     10 ALA    N         3.20300    3.91600    3.18200   8.238761   5.031484 0.610709   1
   148     10 ALA    CA        3.10200    3.81900    3.20200  11.655345   5.344328 0.458530   1
   150     10 ALA    CB        3.10400    3.72300    3.08000  14.429570   5.353323 0.370997   1
   154     10 ALA    C         3.10700    3.74400    3.33500   9.520480   3.813593 0.400567   1
   155     10 ALA    O         3.02100    3.75500    3.42000   8.959041   3.738131 0.417247   1
   156     11 ALA    N         3.22200    3.68700    3.37100   6.110889   2.929535 0.479396   1
   158     11 ALA    CA        3.24200    3.62400    3.50300   5.332667   2.761619 0.517868   1
   160     11 ALA    CB        3.37200    3.54400    3.48700   4.747253   3.935532 0.829013   1
   164     11 ALA    C         3.25700    3.72800    3.62100   2.488511   2.408796 nan        0
   165     11 ALA    O         3.20200    3.69900    3.72600   1.240759   1.689655 nan        0
   166     12 MET    N         3.31200    3.84800    3.60600   1.194805   2.001000 nan        0
   168     12 MET    CA        3.30200    3.94900    3.71300   1.346653   1.104448 nan        0
   170     12 MET    CB        3.38900    4.06400    3.67400   1.409590   1.080960 nan        0
   173     12 MET    CG        3.53400    4.05500    3.71600   1.995005   1.738631 nan        0
   176     12 MET    SD        3.63600    4.19600    3.65800   1.551449   1.468266 nan        0
   177     12 MET    CE        3.79300    4.14500    3.72600   1.461538   1.586707 nan        0
   181     12 MET    C         3.15800    3.98900    3.75800   1.074925   1.081459 nan        0
   182     12 MET    O         3.12500    4.00300    3.87200   1.578422   1.180410 nan        0
   183     13 LYS    N         3.07200    4.01500    3.65700   2.637363   1.307346 nan        0
   185     13 LYS    CA        2.92600    4.03300    3.67100   6.430569   1.365817 0.212394   1
   187     13 LYS    CB        2.87700    4.05900    3.52200  10.165834   3.944028 0.387969   1
   190     13 LYS    CG        2.72600    4.10100    3.51300  14.570430   6.500750 0.446160   1
   193     13 LYS    CD        2.68500    4.14400    3.36900  17.453546   8.464268 0.484960   1
   196     13 LYS    CE        2.54600    4.19800    3.35300  21.903097  10.060470 0.459317   1
   199     13 LYS    NZ        2.51100    4.24300    3.22200  24.338661  10.608196 0.435858   1
   203     13 LYS    C         2.86100    3.90900    3.72900   7.942058   1.030485 0.129750   1
   204     13 LYS    O         2.78100    3.92000    3.82100  10.514486   1.684158 0.160175   1
   205     14 ARG    N         2.88100    3.78600    3.67600   7.353646   1.558221 0.211898   1
   207     14 ARG    CA        2.82000    3.65800    3.71600  11.215784   2.798101 0.249479   1
   209     14 ARG    CB        2.87300    3.54400    3.62300  12.411588   2.992504 0.241106   1
   212     14 ARG    CG        2.79700    3.41400    3.65700  16.622378   3.629685 0.218361   1
   215     14 ARG    CD        2.80100    3.30600    3.54600  19.282717   3.593703 0.186369   1
   218     14 ARG    NE        2.94300    3.26400    3.50300  18.506494   4.458271 0.240903   1
   220     14 ARG    CZ        3.02900    3.19300    3.57000  18.962038   4.918041 0.259362   1
   221     14 ARG    NH1       2.99200    3.13800    3.68100  20.161838   5.477761 0.271690   1
   224     14 ARG    NH2       3.14900    3.18000    3.53100  17.572428   5.190905 0.295401   1
   227     14 ARG    C         2.84300    3.62300    3.86700  11.582418   2.644178 0.228292   1
   228     14 ARG    O         2.76100    3.57100    3.93400  15.140859   3.173413 0.209593   1
   229     15 HIS    N         2.96400    3.65000    3.91500   7.521479   2.214393 0.294409   1
   231     15 HIS    CA        3.00800    3.62500    4.05400   8.576424   2.888556 0.336802   1
   233     15 HIS    CB        3.15800    3.59200    4.05500   5.977023   3.128936 0.523494   1
   236     15 HIS    CG        3.21500    3.47900    3.97600   7.177822   3.618691 0.504149   1
   237     15 HIS    ND1       3.34600    3.46100    3.92800   4.947053   3.190405 0.644910   1
   238     15 HIS    CE1       3.34700    3.33900    3.86700   6.882118   3.992504 0.580127   1
   240     15 HIS    NE2       3.22500    3.27500    3.88500  10.490509   4.745127 0.452326   1
   242     15 HIS    CD2       3.14700    3.36700    3.95700   9.830170   4.299350 0.437363   1
   244     15 HIS    C         2.97100    3.74500    4.14200   9.315684   3.222389 0.345910   1
   245     15 HIS    O         2.97800    3.72400    4.26000  10.015984   4.365317 0.435835   1
   246     16 GLY    N         2.91200    3.85400    4.09000  10.154845   2.424788 0.238781   1
   248     16 GLY    CA        2.85900    3.96000    4.17400  10.954046   3.977511 0.363109   1
   251     16 GLY    C         2.96000    4.06700    4.21800   8.902098   3.996502 0.448939   1
   252     16 GLY    O         2.94100    4.11100    4.33000   9.444555   4.781609 0.506282   1
   253     17 LEU    N         3.05800    4.09800    4.13600   4.903097   2.748626 0.560590   1
   255     17 LEU    CA        3.14300    4.22300    4.16100   2.664336   2.115442 nan        0
   257     17 LEU    CB        3.28700    4.19300    4.11800   1.191808   1.174913 nan        0
   260     17 LEU    CG        3.37600    4.10700    4.21500   1.823177   1.705147 nan        0
   262     17 LEU    CD1       3.51500    4.10200    4.14900   2.000000   2.000000 nan        0
   266     17 LEU    CD2       3.39300    4.16500    4.36000   1.134865   1.232384 nan        0
   270     17 LEU    C         3.08300    4.34300    4.08900   3.094905   2.765617 nan        0
   271     17 LEU    O         3.13300    4.45500    4.10600   2.331668   2.993003 nan        0
   272     18 ASP    N         2.97300    4.32800    4.01500   5.576424   4.397301 0.788552   1
   274     18 ASP    CA        2.89800    4.43600    3.95300   8.231768   6.780110 0.823652   1
   276     18 ASP    CB        2.81200    4.37400    3.84300   9.910090   7.432284 0.749971   1
   279     18 ASP    CG        2.70800    4.47300    3.78500  13.628372   7.879560 0.578173   1
   280     18 ASP    OD1       2.74900    4.58800    3.75800  12.412587   7.322839 0.589953   1
   281     18 ASP    OD2       2.58500    4.44800    3.78200  16.534466   9.113443 0.551179   1
   282     18 ASP    C         2.82600    4.51700    4.06200  10.543457   8.119940 0.770140   1
   283     18 ASP    O         2.73300    4.47000    4.12600  13.427572   8.504248 0.633342   1
   284     19 ASN    N         2.86600    4.64600    4.07400   9.465534   7.320840 0.773421   1
   286     19 ASN    CA        2.82800    4.74100    4.17800  11.238761   6.425287 0.571708   1
   288     19 ASN    CB        2.68200    4.79800    4.16100  16.333666   7.943028 0.486298   1
   291     19 ASN    CG        2.64800    4.85800    4.02400  17.943057   7.738131 0.431260   1
   292     19 ASN    OD1       2.70700    4.94900    3.97100  18.356643   6.238381 0.339843   1
   293     19 ASN    ND2       2.56300    4.80400    3.94100  21.432567   8.487256 0.395998   1
   296     19 ASN    C         2.86800    4.69900    4.32600  10.432567   6.589205 0.631600   1
   297     19 ASN    O         2.80800    4.75200    4.41900  12.973027   6.939030 0.534881   1
   298     20 TYR    N         2.96700    4.61400    4.34300   6.714286   6.016492 0.896073   1
   300     20 TYR    CA        3.00300    4.56000    4.47000   6.144855   5.057971 0.823123   1
   302     20 TYR    CB        3.07600    4.43100    4.44800   4.948052   5.044978 1.019589   1
   305     20 TYR    CG        3.10000    4.35900    4.58200   6.119880   4.781609 0.781324   1
   306     20 TYR    CD1       3.01200    4.26400    4.62600   9.853147   6.056972 0.614725   1
   308     20 TYR    CE1       3.02500    4.19200    4.74700  12.953047   6.639680 0.512596   1
   310     20 TYR    CZ        3.13200    4.22600    4.83200  11.518482   5.244878 0.455345   1
   311     20 TYR    OH        3.14400    4.17400    4.95600  14.327672   4.715142 0.329093   1
   313     20 TYR    CE2       3.22700    4.32000    4.78400   6.813187   3.695652 0.542426   1
   315     20 TYR    CD2       3.21900    4.37400    4.65600   4.363636   3.290855 0.754154   1
   317     20 TYR    C         3.09600    4.65100    4.55200   5.176823   3.717141 0.718035   1
   318     20 TYR    O         3.18800    4.71200    4.50400   2.322677   2.438281 nan        0
   319     21 ARG    N         3.05800    4.67400    4.68000   8.782218   5.177911 0.589590   1
   321     21 ARG    CA        3.09200    4.79400    4.76900  11.211788   5.985507 0.533858   1
   323     21 ARG    CB        3.22400    4.77600    4.85100  10.204795   4.762619 0.466704   1
   326     21 ARG    CG        3.21400    4.66300    4.95300   9.581419   4.502749 0.469946   1
   329     21 ARG    CD        3.12100    4.68500    5.06700  14.064935   6.199900 0.440805   1
   332     21 ARG    NE        3.17500    4.76400    5.17700  17.587413   8.361319 0.475415   1
   334     21 ARG    CZ        3.17700    4.72500    5.30600  20.155844   8.904048 0.441760   1
   335     21 ARG    NH1       3.24500    4.79600    5.38700  21.312687   9.461769 0.443950   1
   338     21 ARG    NH2       3.11000    4.62900    5.36200  21.460539   8.274363 0.385562   1
   341     21 ARG    C         3.07500    4.92100    4.68600  12.779221   5.293853 0.414255   1
   342     21 ARG    O         3.14500    5.02000    4.70200  12.709291   5.626687 0.442722   1
   343     22 GLY    N         2.97600    4.92500    4.59500  12.841159   5.727136 0.445998   1
   345     22 GLY    CA        2.94100    5.04000    4.50800  15.126873   5.605697 0.370579   1
   348     22 GLY    C         3.02500    5.05400    4.37700  12.670330   3.935032 0.310571   1
   349     22 GLY    O         2.98500    5.13400    4.28800  14.591409   4.965017 0.340270   1
   350     23 TYR    N         3.13500    4.98100    4.36500   7.386613   2.617191 0.354315   1
   352     23 TYR    CA        3.22800    4.98400    4.25000   5.806194   2.949025 0.507910   1
   354     23 TYR    CB        3.36400    4.93700    4.29600   3.197802   1.396802 nan        0
   357     23 TYR    CG        3.42300    5.02500    4.39700   5.772228   1.632184 0.282765   1
   358     23 TYR    CD1       3.48000    5.14400    4.35000   8.553447   3.181909 0.372003   1
   360     23 TYR    CE1       3.54700    5.22900    4.44300  11.486513   5.186407 0.451521   1
   362     23 TYR    CZ        3.53600    5.20500    4.58300  11.043956   4.867066 0.440700   1
   363     23 TYR    OH        3.56800    5.30500    4.67500  14.278721   6.455772 0.452125   1
   365     23 TYR    CE2       3.47000    5.08900    4.62900   8.589411   3.317341 0.386213   1
   367     23 TYR    CD2       3.41800    4.99900    4.53700   5.448551   2.193903 0.402658   1
   369     23 TYR    C         3.17800    4.90700    4.12300   5.714286   3.422789 0.598988   1
   370     23 TYR    O         3.14500    4.78900    4.13000   3.691309   2.893053 nan        0
   371     24 SER    N         3.17500    4.97700    4.01000   8.725275   4.939030 0.566060   1
   373     24 SER    CA        3.11900    4.93800    3.88700   9.764236   5.120940 0.524459   1
   375     24 SER    CB        3.10300    5.06800    3.80400  12.368631   4.930535 0.398632   1
   378     24 SER    OG        3.22400    5.08400    3.72700  11.794206   4.650675 0.394319   1
   380     24 SER    C         3.19200    4.83300    3.81100   6.750250   3.313843 0.490922   1
   381     24 SER    O         3.31000    4.80100    3.83500   4.509491   2.176412 0.482629   1
   382     25 LEU    N         3.12000    4.76900    3.72000   6.300699   3.337331 0.529676   1
   384     25 LEU    CA        3.18100    4.66700    3.64100   4.869131   3.137931 0.644454   1
   386     25 LEU    CB        3.07400    4.61400    3.53900   6.961039   4.394803 0.631343   1
   389     25 LEU    CG        3.12000    4.50300    3.44200   7.005994   4.550225 0.649476   1
   391     25 LEU    CD1       3.13400    4.36000    3.51600   3.749251   3.183908 nan        0
   395     25 LEU    CD2       3.00900    4.47800    3.34200   9.729271   4.528736 0.465475   1
   399     25 LEU    C         3.30600    4.71400    3.56500   3.967033   2.415792 nan        0
   400     25 LEU    O         3.40000    4.64200    3.54100   1.863137   1.350825 nan        0
   401     26 GLY    N         3.30600    4.83600    3.51800   4.852148   2.429785 0.500765   1
   403     26 GLY    CA        3.42400    4.89300    3.45300   2.209790   0.249875 nan        0
   406     26 GLY    C         3.54000    4.92400    3.54700   1.270729   0.119940 nan        0
   407     26 GLY    O         3.65500    4.93100    3.50400   0.631369   0.033983 nan        0
   408     27 ASN    N         3.51700    4.93300    3.67700   2.034965   1.321839 nan        0
   410     27 ASN    CA        3.62200    4.94700    3.77400   1.050949   0.462269 nan        0
   412     27 ASN    CB        3.57400    4.99500    3.91100   2.563437   2.139930 nan        0
   415     27 ASN    CG        3.54900    5.14100    3.91700   6.030969   3.791104 0.628606   1
   416     27 ASN    OD1       3.64000    5.22100    3.92700   7.037962   4.547226 0.646100   1
   417     27 ASN    ND2       3.42100    5.17900    3.91700   8.783217   5.666167 0.645113   1
   420     27 ASN    C         3.69400    4.81600    3.78400   0.029970   0.993003 nan        0
   421     27 ASN    O         3.81100    4.80900    3.76100   0.122877   0.045977 nan        0
   422     28 TRP    N         3.62600    4.70800    3.80500   1.000000   1.000000 nan        0
   424     28 TRP    CA        3.69700    4.58000    3.81800   1.000999   1.002499 nan        0
   426     28 TRP    CB        3.58700    4.47300    3.86500   1.067932   1.082959 nan        0
   429     28 TRP    CG        3.52000    4.50200    3.99400   1.005994   1.025987 nan        0
   430     28 TRP    CD1       3.40900    4.57400    4.01900   1.000000   1.081459 nan        0
   432     28 TRP    NE1       3.39300    4.59700    4.15300   1.000000   1.006997 nan        0
   434     28 TRP    CE2       3.50000    4.54300    4.22100   1.000000   1.000000 nan        0
   435     28 TRP    CZ2       3.53300    4.53400    4.36100   0.367632   1.000000 nan        0
   437     28 TRP    CH2       3.65800    4.48800    4.39700   0.001998   0.823088 nan        0
   439     28 TRP    CZ3       3.74000    4.43900    4.29900   0.618382   1.490755 nan        0
   441     28 TRP    CE3       3.71000    4.44400    4.16200   1.618382   1.669665 nan        0
   443     28 TRP    CD2       3.58800    4.49500    4.12100   1.027972   1.092454 nan        0
   444     28 TRP    C         3.77200    4.53400    3.69600   0.986014   1.002999 nan        0
   445     28 TRP    O         3.88100    4.47300    3.71100   0.232767   0.565717 nan        0
   446     29 VAL    N         3.72700    4.56500    3.57200   0.778222   0.995502 nan        0
   448     29 VAL    CA        3.79200    4.53600    3.44400   0.000000   0.000000 nan        0
   450     29 VAL    CB        3.69100    4.53800    3.32600   0.000000   0.000000 nan        0
   452     29 VAL    CG1       3.76300    4.50600    3.19500   0.004995   0.000000 nan        0
   456     29 VAL    CG2       3.57000    4.43800    3.34300   0.142857   0.031984 nan        0
   460     29 VAL    C         3.91200    4.63100    3.42700   0.000000   0.000000 nan        0
   461     29 VAL    O         4.02300    4.57600    3.39800   0.053946   0.000000 nan        0
   462     30 CYS    N         3.90300    4.76800    3.45700   0.197802   0.000000 nan        0
   464     30 CYS    CA        4.02200    4.84800    3.46900   1.529471   0.184408 nan        0
   466     30 CYS    CB        3.96900    4.98600    3.49900   2.422577   1.003498 nan        0
   469     30 CYS    SG        4.09700    5.11100    3.48100   3.790210   2.678161 nan        0
   470     30 CYS    C         4.12900    4.79200    3.57500   1.998002   1.000500 nan        0
   471     30 CYS    O         4.25100    4.80000    3.55700   2.003996   1.144928 nan        0
   472     31 ALA    N         4.08100    4.74600    3.69600   2.964036   1.396802 nan        0
   474     31 ALA    CA        4.17100    4.69000    3.79900   3.000000   3.000000 nan        0
   476     31 ALA    CB        4.08900    4.65100    3.92700   3.000000   3.000000 nan        0
   480     31 ALA    C         4.25100    4.58300    3.73600   3.000000   2.998501 nan        0
   481     31 ALA    O         4.37400    4.58800    3.74100   3.003996   3.000000 nan        0
   482     32 ALA    N         4.18500    4.48600    3.67800   3.000000   1.335332 nan        0
   484     32 ALA    CA        4.25000    4.36600    3.62900   2.006993   0.051474 nan        0
   486     32 ALA    CB        4.14900    4.27000    3.57700   0.270729   0.050475 nan        0
   490     32 ALA    C         4.34400    4.40800    3.51300   1.086913   0.078461 nan        0
   491     32 ALA    O         4.45700    4.35400    3.50900   0.943057   0.051474 nan        0
   492     33 LYS    N         4.30300    4.50100    3.42400   1.233766   0.118941 nan        0
   494     33 LYS    CA        4.38200    4.53900    3.30200   1.853147   0.964018 nan        0
   496     33 LYS    CB        4.31800    4.65700    3.21800   1.985015   1.264868 nan        0
   499     33 LYS    CG        4.39800    4.69200    3.09200   5.827173   3.432284 0.589014   1
   502     33 LYS    CD        4.40200    4.57100    2.99400   9.017982   6.327836 0.701691   1
   505     33 LYS    CE        4.50000    4.61500    2.89100  13.703297   8.212394 0.599301   1
   508     33 LYS    NZ        4.48500    4.53400    2.76600  17.334665  10.482259 0.604699   1
   512     33 LYS    C         4.52800    4.57100    3.33100   4.181818   1.142429 0.273189   1
   513     33 LYS    O         4.61100    4.51700    3.25200   5.450549   2.814093 0.516295   1
   514     34 PHE    N         4.56800    4.64000    3.43500   4.601399   1.875562 0.407607   1
   516     34 PHE    CA        4.70000    4.68300    3.46300   7.974026   3.982009 0.499372   1
   518     34 PHE    CB        4.69400    4.84100    3.47700   8.206793   4.355822 0.530758   1
   521     34 PHE    CG        4.60800    4.92500    3.38400   7.897103   3.507746 0.444181   1
   522     34 PHE    CD1       4.63300    4.90700    3.24700  10.964036   3.948526 0.360134   1
   524     34 PHE    CE1       4.56100    4.98000    3.14900  11.391608   4.073963 0.357628   1
   526     34 PHE    CZ        4.46900    5.07800    3.19000  10.761239   4.210395 0.391256   1
   528     34 PHE    CE2       4.44400    5.10100    3.32600   7.538462   4.623188 0.613280   1
   530     34 PHE    CD2       4.51300    5.02300    3.42400   5.398601   3.459270 0.640772   1
   532     34 PHE    C         4.78100    4.59700    3.57000  11.089910   5.998501 0.540897   1
   533     34 PHE    O         4.90100    4.58900    3.56700  14.697303   8.056472 0.548160   1
   534     35 GLU    N         4.70800    4.54100    3.66200   9.279720   5.542229 0.597241   1
   536     35 GLU    CA        4.75500    4.44100    3.76000  10.787213   5.966017 0.553064   1
   538     35 GLU    CB        4.63700    4.40700    3.84900   8.809191   4.188406 0.475459   1
   541     35 GLU    CG        4.59400    4.52000    3.94400   8.370629   4.908546 0.586401   1
   544     35 GLU    CD        4.69600    4.57200    4.04800  12.167832   8.193903 0.673407   1
   545     35 GLU    OE1       4.80500    4.51200    4.06600  14.007992   9.655172 0.689262   1
   546     35 GLU    OE2       4.66200    4.66600    4.12500  11.885115   7.547226 0.635015   1
   547     35 GLU    C         4.80100    4.31300    3.68500   8.316683   4.007496 0.481862   1
   548     35 GLU    O         4.92000    4.28200    3.68400  10.877123   6.331334 0.582078   1
   549     36 SER    N         4.71400    4.24500    3.61800   5.618382   2.145927 0.381948   1
   551     36 SER    CA        4.73000    4.11300    3.56000   4.767233   2.170915 0.455383   1
   553     36 SER    CB        4.61800    4.02300    3.60700   2.105894   0.771114 nan        0
   556     36 SER    OG        4.48900    4.05600    3.55700   0.555445   0.001000 nan        0
   558     36 SER    C         4.74600    4.10900    3.40500   7.351648   3.699650 0.503241   1
   559     36 SER    O         4.77800    4.00600    3.35000   7.892108   3.968516 0.502846   1
   560     37 ASN    N         4.69100    4.21600    3.33400   8.123876   3.401799 0.418741   1
   562     37 ASN    CA        4.67000    4.21100    3.18800   9.806194   4.806597 0.490159   1
   564     37 ASN    CB        4.80500    4.23000    3.11400  15.888112   6.752624 0.425011   1
   567     37 ASN    CG        4.78600    4.29200    2.97300  18.135864   8.989005 0.495648   1
   568     37 ASN    OD1       4.68400    4.35500    2.93800  17.216783   9.106447 0.528928   1
   569     37 ASN    ND2       4.87200    4.26000    2.87800  22.104895   9.651174 0.436608   1
   572     37 ASN    C         4.58600    4.08800    3.14700   7.981019   3.520240 0.441076   1
   573     37 ASN    O         4.60600    4.02600    3.04600   9.528472   4.214393 0.442295   1
   574     38 PHE    N         4.48700    4.06600    3.23100   3.375624   2.270865 nan        0
   576     38 PHE    CA        4.39300    3.95300    3.20700   2.775225   1.973013 nan        0
   578     38 PHE    CB        4.29600    3.98300    3.08900   3.886114   2.972014 nan        0
   581     38 PHE    CG        4.22900    4.12400    3.07200   4.058941   3.853573 0.949404   1
   582     38 PHE    CD1       4.19100    4.19700    3.18700   1.844156   2.495252 nan        0
   584     38 PHE    CE1       4.12500    4.32000    3.17700   0.929071   1.834583 nan        0
   586     38 PHE    CZ        4.09300    4.38100    3.05700   2.438561   3.400800 nan        0
   588     38 PHE    CE2       4.11800    4.30000    2.94000   5.757243   6.161419 1.070203   1
   590     38 PHE    CD2       4.18100    4.17600    2.94900   5.797203   5.965517 1.029034   1
   592     38 PHE    C         4.44400    3.81000    3.20500   2.817183   1.873063 nan        0
   593     38 PHE    O         4.36400    3.72400    3.17300   2.172827   1.696652 nan        0
   594     39 ASN    N         4.57000    3.78100    3.24100   3.848152   2.314843 nan        0
   596     39 ASN    CA        4.61500    3.64700    3.27700   4.418581   1.937031 0.438383   1
   598     39 ASN    CB        4.77100    3.63900    3.25800   8.470529   4.288356 0.506268   1
   601     39 ASN    CG        4.82700    3.49900    3.27200  10.282717   5.152924 0.501125   1
   602     39 ASN    OD1       4.75400    3.40300    3.26300   9.747253   6.517241 0.668623   1
   603     39 ASN    ND2       4.95400    3.48500    3.28400  14.400599   6.166917 0.428240   1
   606     39 ASN    C         4.58600    3.60200    3.42100   3.117882   1.695652 nan        0
   607     39 ASN    O         4.63600    3.65900    3.52200   2.112887   2.319340 nan        0
   608     40 THR    N         4.51400    3.48900    3.44000   3.139860   3.481259 nan        0
   610     40 THR    CA        4.49700    3.43000    3.56900   3.906094   4.009495 nan        0
   612     40 THR    CB        4.38800    3.31400    3.57400   4.058941   4.782109 1.178167   1
   614     40 THR    CG2       4.25200    3.34400    3.52100   3.106893   3.331834 nan        0
   618     40 THR    OG1       4.43700    3.19200    3.51700   6.387612   6.209395 0.972100   1
   620     40 THR    C         4.61900    3.37100    3.63200   3.962038   4.125437 nan        0
   621     40 THR    O         4.62400    3.35200    3.75200   3.036963   4.052474 nan        0
   622     41 GLN    N         4.71700    3.33400    3.54800   5.354645   4.973513 0.928822   1
   624     41 GLN    CA        4.85000    3.29300    3.60000   8.306693   4.477761 0.539055   1
   626     41 GLN    CB        4.91000    3.18700    3.50700  12.859141   7.979510 0.620532   1
   629     41 GLN    CG        4.81500    3.06100    3.50900  14.330669   8.481759 0.591861   1
   632     41 GLN    CD        4.89700    2.94100    3.47000  19.700300  10.438781 0.529879   1
   633     41 GLN    OE1       4.95500    2.87900    3.55700  21.593407   9.247876 0.428273   1
   634     41 GLN    NE2       4.91700    2.91500    3.34100  21.199800  12.203398 0.575637   1
   637     41 GLN    C         4.94300    3.40900    3.63800   9.140859   4.863568 0.532069   1
   638     41 GLN    O         5.05500    3.37500    3.66800  11.163836   5.156422 0.461886   1
   639     42 ALA    N         4.91400    3.53900    3.63500   7.744256   4.519740 0.583625   1
   641     42 ALA    CA        5.00400    3.65200    3.66600   9.040959   4.712144 0.521200   1
   643     42 ALA    CB        4.94100    3.78200    3.62700   7.888112   4.303348 0.545549   1
   647     42 ALA    C         5.05100    3.64400    3.80900   6.720280   3.698651 0.550372   1
   648     42 ALA    O         4.96800    3.64200    3.90600   3.444555   2.423788 nan        0
   649     43 THR    N         5.18500    3.65000    3.83800  10.283716   5.323338 0.517647   1
   651     43 THR    CA        5.24000    3.66400    3.97500   8.618382   4.596702 0.533360   1
   653     43 THR    CB        5.27600    3.53600    4.05300  10.278721   3.908546 0.380256   1
   655     43 THR    CG2       5.15100    3.45300    4.06700   8.081918   1.985507 0.245673   1
   659     43 THR    OG1       5.36300    3.45300    3.97700  14.982018   5.526737 0.368891   1
   661     43 THR    C         5.36500    3.75000    3.97300  11.626374   6.745627 0.580200   1
   662     43 THR    O         5.46000    3.73900    3.89500  15.239760   9.117441 0.598267   1
   663     44 ASN    N         5.37100    3.84800    4.06700  10.278721   6.503748 0.632739   1
   665     44 ASN    CA        5.48600    3.93800    4.07900  12.544456   9.880060 0.787604   1
   667     44 ASN    CB        5.44100    4.07500    4.02600  15.736264  11.443778 0.727223   1
   670     44 ASN    CG        5.40600    4.06400    3.87700  18.479520  12.787606 0.691988   1
   671     44 ASN    OD1       5.48800    4.07900    3.79100  21.695305  13.780110 0.635166   1
   672     44 ASN    ND2       5.27900    4.05200    3.83700  16.041958  10.111444 0.630312   1
   675     44 ASN    C         5.52800    3.93500    4.22500   9.751249   7.508246 0.769978   1
   676     44 ASN    O         5.44300    3.91800    4.31600   6.382617   4.357321 0.682686   1
   677     45 ARG    N         5.65700    3.95500    4.25100  12.245754   8.651174 0.706463   1
   679     45 ARG    CA        5.71900    3.94700    4.38200  12.233766   7.580710 0.619655   1
   681     45 ARG    CB        5.84800    3.85800    4.36800  15.215784   8.323838 0.547053   1
   684     45 ARG    CG        5.91400    3.82100    4.49900  14.411588   8.024488 0.556808   1
   687     45 ARG    CD        5.84500    3.70000    4.55800  11.607393   7.085957 0.610469   1
   690     45 ARG    NE        5.87300    3.69800    4.70600  10.771229   6.670165 0.619258   1
   692     45 ARG    CZ        5.93800    3.60200    4.77000  13.727273   7.931034 0.577757   1
   693     45 ARG    NH1       5.94000    3.58800    4.90000  13.953047   7.054473 0.505587   1
   696     45 ARG    NH2       6.01100    3.50900    4.70600  17.352647   9.641679 0.555632   1
   699     45 ARG    C         5.75600    4.08600    4.43100  12.065934   6.265367 0.519261   1
   700     45 ARG    O         5.81500    4.16700    4.35800  15.411588   7.910545 0.513285   1
   701     46 ASN    N         5.72400    4.11000    4.55900   9.052947   4.565717 0.504335   1
   703     46 ASN    CA        5.71700    4.24400    4.61200  10.533467   6.082959 0.577489   1
   705     46 ASN    CB        5.57600    4.26300    4.68700  10.547453   6.778611 0.642678   1
   708     46 ASN    CG        5.45000    4.24100    4.60300  12.318681   8.546727 0.693802   1
   709     46 ASN    OD1       5.42900    4.14600    4.52700   9.801199   6.061969 0.618493   1
   710     46 ASN    ND2       5.36300    4.34000    4.59100  16.832168  10.681159 0.634568   1
   713     46 ASN    C         5.83800    4.28600    4.69100  11.317682   5.263368 0.465057   1
   714     46 ASN    O         5.91600    4.20600    4.73800   9.169830   2.969515 0.323835   1
   715     47 THR    N         5.86300    4.42000    4.71400  14.776224   5.927036 0.401120   1
   717     47 THR    CA        5.98200    4.47500    4.77800  17.317682   5.534733 0.319600   1
   719     47 THR    CB        6.01400    4.61800    4.73500  21.651349   6.257871 0.289029   1
   721     47 THR    CG2       6.05400    4.61600    4.58600  22.502498   5.993503 0.266348   1
   725     47 THR    OG1       5.91800    4.70400    4.76200  21.128871   7.299850 0.345492   1
   727     47 THR    C         5.98700    4.46500    4.93200  16.788212   5.388306 0.320958   1
   728     47 THR    O         6.08700    4.49200    4.99400  18.715285   5.277361 0.281981   1
   729     48 ASP    N         5.87700    4.41600    4.98900  15.497502   5.397801 0.348301   1
   731     48 ASP    CA        5.85300    4.38400    5.13100  16.148851   5.915042 0.366283   1
   733     48 ASP    CB        5.71700    4.44400    5.17000  15.947053   6.407796 0.401817   1
   736     48 ASP    CG        5.60200    4.36200    5.11800  12.784216   5.316342 0.415852   1
   737     48 ASP    OD1       5.59700    4.32500    5.00000   9.424575   4.918541 0.521885   1
   738     48 ASP    OD2       5.51500    4.31500    5.19500  12.037962   4.517741 0.375291   1
   739     48 ASP    C         5.85800    4.23300    5.15300  14.966034   3.842579 0.256753   1
   740     48 ASP    O         5.82600    4.17800    5.26200  14.148851   4.178911 0.295353   1
   741     49 GLY    N         5.90200    4.15700    5.05700  11.323676   2.852574 0.251912   1
   743     49 GLY    CA        5.90500    4.01000    5.05500  11.693307   2.538731 0.217110   1
   746     49 GLY    C         5.77200    3.93900    5.02400   7.889111   1.655172 0.209805   1
   747     49 GLY    O         5.77400    3.81900    5.01700   8.263736   2.195902 0.265728   1
   748     50 SER    N         5.66500    4.00600    4.98900   5.735265   2.453273 0.427752   1
   750     50 SER    CA        5.54100    3.93600    4.94500   2.712288   1.708646 nan        0
   752     50 SER    CB        5.42300    4.01600    5.00300   3.104895   2.894553 nan        0
   755     50 SER    OG        5.41600    4.14800    4.94500   6.092907   4.178411 0.685783   1
   757     50 SER    C         5.52100    3.89900    4.79700   1.638362   1.052974 nan        0
   758     50 SER    O         5.60400    3.92600    4.71000   3.117882   1.572714 nan        0
   759     51 THR    N         5.40500    3.84600    4.76500   1.196803   1.152924 nan        0
   761     51 THR    CA        5.36400    3.80900    4.62400   1.995005   1.296352 nan        0
   763     51 THR    CB        5.39200    3.66100    4.59200   2.664336   2.098451 nan        0
   765     51 THR    CG2       5.38100    3.62900    4.44200   4.939061   2.730135 0.552764   1
   769     51 THR    OG1       5.52100    3.63300    4.62300   3.758242   2.852074 nan        0
   771     51 THR    C         5.21600    3.85700    4.60200   2.765235   1.374813 nan        0
   772     51 THR    O         5.12700    3.83800    4.68700   2.136863   1.026487 nan        0
   773     52 ASP    N         5.19400    3.90200    4.47800   2.406593   1.446277 nan        0
   775     52 ASP    CA        5.07100    3.93800    4.42200   4.871129   2.125937 0.436436   1
   777     52 ASP    CB        5.08800    4.07100    4.34500   6.618382   4.517241 0.682530   1
   780     52 ASP    CG        5.10500    4.19500    4.43100  10.571429   6.659170 0.629922   1
   781     52 ASP    OD1       5.08800    4.19400    4.55400  11.014985   6.853573 0.622204   1
   782     52 ASP    OD2       5.12900    4.30200    4.36700  14.791209   9.679160 0.654386   1
   783     52 ASP    C         5.01900    3.82000    4.33100   1.746254   0.924538 nan        0
   784     52 ASP    O         5.08400    3.78600    4.23600   1.812188   0.175412 nan        0
   785     53 TYR    N         4.89700    3.77300    4.35900   1.980020   1.843578 nan        0
   787     53 TYR    CA        4.84200    3.64700    4.30400   1.835165   2.050475 nan        0
   789     53 TYR    CB        4.81300    3.54800    4.42100   1.998002   2.187906 nan        0
   792     53 TYR    CG        4.93900    3.47600    4.46600   1.957043   0.971514 nan        0
   793     53 TYR    CD1       5.01500    3.51400    4.58100   1.586414   1.170915 nan        0
   795     53 TYR    CE1       5.13600    3.44100    4.62300   4.330669   1.437281 0.331884   1
   797     53 TYR    CZ        5.16100    3.32800    4.54700   6.271728   0.751624 0.119843   1
   798     53 TYR    OH        5.26400    3.24800    4.58000   8.743257   0.979010 0.111973   1
   800     53 TYR    CE2       5.09500    3.29800    4.42500   6.324675   0.529735 0.083757   1
   802     53 TYR    CD2       4.98500    3.36900    4.39000   3.583417   0.245877 nan        0
   804     53 TYR    C         4.71000    3.67100    4.22200   2.016983   2.050975 nan        0
   805     53 TYR    O         4.60500    3.71900    4.27200   2.253746   2.698651 nan        0
   806     54 GLY    N         4.71800    3.63100    4.09200   2.000000   2.594203 nan        0
   808     54 GLY    CA        4.60000    3.61500    4.00800   2.299700   3.930535 nan        0
   811     54 GLY    C         4.54400    3.73900    3.93600   2.015984   3.210895 nan        0
   812     54 GLY    O         4.61000    3.84100    3.92200   2.015984   2.003498 nan        0
   813     55 ILE    N         4.42300    3.72700    3.88500   3.360639   4.458271 nan        0
   815     55 ILE    CA        4.35500    3.82300    3.79100   2.894106   3.882559 nan        0
   817     55 ILE    CB        4.21800    3.76500    3.75800   3.964036   4.102949 nan        0
   819     55 ILE    CG2       4.11700    3.75800    3.87600   4.845155   4.964518 1.024636   1
   823     55 ILE    CG1       4.16100    3.83000    3.62800   2.173826   2.107946 nan        0
   826     55 ILE    CD        4.22800    3.78100    3.49600   1.036963   0.975012 nan        0
   830     55 ILE    C         4.34700    3.96600    3.85400   3.677323   2.998001 nan        0
   831     55 ILE    O         4.33800    4.06200    3.77700   2.648352   2.844078 nan        0
   832     56 LEU    N         4.34500    3.98700    3.98600   3.960040   3.192904 nan        0
   834     56 LEU    CA        4.33600    4.11600    4.05500   2.803197   3.552224 nan        0
   836     56 LEU    CB        4.19900    4.10900    4.13000   3.000000   3.069965 nan        0
   839     56 LEU    CG        4.07200    4.12500    4.04700   3.000000   2.902549 nan        0
   841     56 LEU    CD1       3.94900    4.14100    4.14300   2.990010   2.096452 nan        0
   845     56 LEU    CD2       4.07500    4.25700    3.96400   2.556444   2.013993 nan        0
   849     56 LEU    C         4.45100    4.14200    4.15300   3.175824   2.500750 nan        0
   850     56 LEU    O         4.44900    4.22000    4.24500   5.225774   2.558721 0.489635   1
   851     57 GLN    N         4.56200    4.06600    4.13800   3.388611   2.746127 nan        0
   853     57 GLN    CA        4.69300    4.07600    4.20400   5.086913   2.680160 0.526874   1
   855     57 GLN    CB        4.78100    4.18400    4.13500   6.965035   4.848576 0.696131   1
   858     57 GLN    CG        4.82900    4.13800    3.99900   5.460539   3.867566 0.708275   1
   861     57 GLN    CD        4.93500    4.02600    4.01000   5.509491   3.047476 0.553132   1
   862     57 GLN    OE1       5.05400    4.05500    4.03100   7.311688   4.077961 0.557732   1
   863     57 GLN    NE2       4.88800    3.90000    4.00000   3.491508   1.866067 nan        0
   866     57 GLN    C         4.68600    4.09200    4.35800   6.424575   3.943528 0.613819   1
   867     57 GLN    O         4.72500    4.19300    4.41300   8.102897   6.296852 0.777111   1
   868     58 ILE    N         4.63500    3.98900    4.42200   4.602398   3.307346 0.718614   1
   870     58 ILE    CA        4.59300    3.98500    4.56300   4.658342   3.340330 0.717064   1
   872     58 ILE    CB        4.46400    3.89500    4.57800   3.143856   2.654673 nan        0
   874     58 ILE    CG2       4.43700    3.86300    4.72200   2.950050   2.627186 nan        0
   878     58 ILE    CG1       4.34400    3.96400    4.51300   2.919081   1.911044 nan        0
   881     58 ILE    CD        4.22000    3.88100    4.50100   1.774226   2.126437 nan        0
   885     58 ILE    C         4.71100    3.94100    4.65900   3.834166   3.417791 nan        0
   886     58 ILE    O         4.77400    3.83900    4.63100   2.698302   2.787606 nan        0
   887     59 ASN    N         4.74400    4.02700    4.75600   6.076923   4.044478 0.665547   1
   889     59 ASN    CA        4.87200    4.02500    4.82500   6.909091   4.203398 0.608387   1
   891     59 ASN    CB        4.91400    4.16800    4.86000  10.170829   6.137931 0.603484   1
   894     59 ASN    CG        5.05900    4.17100    4.90900  10.378621   7.582709 0.730608   1
   895     59 ASN    OD1       5.08300    4.15900    5.02900   9.241758   7.426287 0.803558   1
   896     59 ASN    ND2       5.15600    4.17400    4.82200   8.925075   7.965517 0.892487   1
   899     59 ASN    C         4.89300    3.92800    4.94600   3.637363   2.081959 nan        0
   900     59 ASN    O         4.83500    3.95000    5.04800   3.012987   2.253373 nan        0
   901     60 SER    N         4.98500    3.83400    4.93200   2.436563   1.200400 nan        0
   903     60 SER    CA        5.00700    3.72300    5.02600   3.039960   2.461269 nan        0
   905     60 SER    CB        5.10700    3.62500    4.96500   3.955045   3.088456 nan        0
   908     60 SER    OG        5.23900    3.68500    4.96100   3.071928   3.011994 nan        0
   910     60 SER    C         5.05700    3.76100    5.16700   3.149850   2.865067 nan        0
   911     60 SER    O         5.08500    3.67200    5.24600   4.319680   3.591204 0.831359   1
   912     61 ARG    N         5.08700    3.88800    5.20000   4.392607   3.379810 0.769431   1
   914     61 ARG    CA        5.10600    3.94000    5.34000   5.256743   4.461769 0.848771   1
   916     61 ARG    CB        5.18400    4.07400    5.34000   6.281718   3.854073 0.613538   1
   919     61 ARG    CG        5.23900    4.10900    5.47900   8.673327   3.873563 0.446606   1
   922     61 ARG    CD        5.33500    4.22300    5.48700  12.700300   4.863568 0.382949   1
   925     61 ARG    NE        5.47000    4.18000    5.43900  13.533467   5.828086 0.430643   1
   927     61 ARG    CZ        5.54800    4.09200    5.50200  13.274725   4.904048 0.369427   1
   928     61 ARG    NH1       5.52300    4.03000    5.61600  12.893107   4.430785 0.343655   1
   931     61 ARG    NH2       5.66700    4.06000    5.45700  13.194805   4.225887 0.320269   1
   934     61 ARG    C         4.97800    3.93500    5.42100   4.837163   3.510245 0.725683   1
   935     61 ARG    O         4.99100    3.92700    5.54500   4.116883   3.497251 0.849490   1
   936     62 TRP    N         4.86500    3.92900    5.35500   4.223776   3.193403 0.756054   1
   938     62 TRP    CA        4.73500    3.95700    5.41200   2.904096   2.003998 nan        0
   940     62 TRP    CB        4.69100    4.10000    5.39300   6.159840   2.292854 0.372226   1
   943     62 TRP    CG        4.78200    4.20000    5.44900  10.131868   2.819090 0.278240   1
   944     62 TRP    CD1       4.86900    4.27900    5.37700  12.767233   5.140430 0.402627   1
   946     62 TRP    NE1       4.95200    4.33700    5.47000  16.647353   5.070965 0.304611   1
   948     62 TRP    CE2       4.90100    4.33100    5.59900  16.774226   5.502249 0.328018   1
   949     62 TRP    CZ2       4.94100    4.37700    5.72400  19.513487   6.010495 0.308017   1
   951     62 TRP    CH2       4.87300    4.33100    5.83600  19.908092   6.419290 0.322446   1
   953     62 TRP    CZ3       4.77200    4.23000    5.82900  16.695305   4.957521 0.296941   1
   955     62 TRP    CE3       4.72400    4.19800    5.70700  12.518482   3.316842 0.264956   1
   957     62 TRP    CD2       4.79500    4.23700    5.58500  12.486513   3.218891 0.257789   1
   958     62 TRP    C         4.62400    3.85600    5.36700   2.660340   1.433283 nan        0
   959     62 TRP    O         4.54100    3.81300    5.44700   1.766234   0.986507 nan        0
   960     63 TRP    N         4.62500    3.80900    5.23800   1.838162   1.154923 nan        0
   962     63 TRP    CA        4.49800    3.75900    5.17400   1.054945   1.001999 nan        0
   964     63 TRP    CB        4.46200    3.84500    5.05800   1.882118   1.486257 nan        0
   967     63 TRP    CG        4.45200    3.98600    5.10100   3.615385   2.058471 nan        0
   968     63 TRP    CD1       4.54600    4.08400    5.06900   5.928072   3.119440 0.526215   1
   970     63 TRP    NE1       4.50800    4.20100    5.13200   7.547453   3.511244 0.465222   1
   972     63 TRP    CE2       4.39300    4.18700    5.21000   6.588412   1.906047 0.289303   1
   973     63 TRP    CZ2       4.31800    4.26400    5.29700   8.381618   3.096452 0.369434   1
   975     63 TRP    CH2       4.20700    4.21700    5.36700   8.084915   2.881559 0.356412   1
   977     63 TRP    CZ3       4.16300    4.08500    5.33800   5.935065   2.327336 0.392133   1
   979     63 TRP    CE3       4.22700    4.00700    5.23800   2.867133   0.495252 nan        0
   981     63 TRP    CD2       4.35100    4.05300    5.18400   3.932068   1.653673 nan        0
   982     63 TRP    C         4.49500    3.61100    5.15400   1.419580   1.001499 nan        0
   983     63 TRP    O         4.40200    3.55100    5.20300   1.030969   0.995002 nan        0
   984     64 CYS    N         4.60200    3.54800    5.10800   1.986014   1.082459 nan        0
   986     64 CYS    CA        4.61800    3.40500    5.08700   2.652348   1.101449 nan        0
   988     64 CYS    CB        4.60700    3.35900    4.94300   1.021978   1.002999 nan        0
   991     64 CYS    SG        4.72600    3.42600    4.82700   1.009990   1.050975 nan        0
   992     64 CYS    C         4.74800    3.35300    5.14800   3.618382   3.022989 nan        0
   993     64 CYS    O         4.83400    3.43200    5.18100   4.406593   3.085957 0.700304   1
   994     65 ASN    N         4.75500    3.22200    5.16700   7.291708   3.114443 0.427121   1
   996     65 ASN    CA        4.87700    3.16500    5.21900   9.142857   4.708146 0.514953   1
   998     65 ASN    CB        4.84900    3.04900    5.31100  13.628372   5.996502 0.440001   1
  1001     65 ASN    CG        4.97200    2.98600    5.38100  17.402597   7.561719 0.434517   1
  1002     65 ASN    OD1       5.06800    3.03900    5.42200  17.340659   7.918541 0.456646   1
  1003     65 ASN    ND2       4.97500    2.85300    5.37800  20.202797   5.419790 0.268269   1
  1006     65 ASN    C         4.97100    3.12700    5.10600   8.734266   2.976012 0.340728   1
  1007     65 ASN    O         4.94900    3.02600    5.03600   8.929071   1.236882 0.138523   1
  1008     66 ASP    N         5.08900    3.18600    5.09700   7.645355   3.220890 0.421287   1
  1010     66 ASP    CA        5.19600    3.13900    4.99900   9.000999   2.129435 0.236578   1
  1012     66 ASP    CB        5.26400    3.25900    4.92200   8.201798   2.882059 0.351394   1
  1015     66 ASP    CG        5.34200    3.35700    5.01700   5.119880   3.316842 0.647836   1
  1016     66 ASP    OD1       5.35100    3.33500    5.14400   5.407592   4.565217 0.844224   1
  1017     66 ASP    OD2       5.38100    3.46700    4.97100   3.794206   2.592204 nan        0
  1018     66 ASP    C         5.29900    3.04800    5.06200  12.641359   2.540730 0.200985   1
  1019     66 ASP    O         5.38900    3.00500    4.99500  14.959041   1.521739 0.101727   1
  1020     67 GLY    N         5.28900    3.02200    5.19400  14.682318   3.500750 0.238433   1
  1022     67 GLY    CA        5.38800    2.94100    5.26900  17.530470   4.563218 0.260302   1
  1025     67 GLY    C         5.53200    2.99900    5.27100  18.221778   5.022989 0.275659   1
  1026     67 GLY    O         5.62000    2.92300    5.30600  20.288711   4.866067 0.239841   1
  1027     68 ARG    N         5.56000    3.12400    5.22600  15.154845   4.778611 0.315319   1
  1029     68 ARG    CA        5.69700    3.17600    5.20500  16.133866   6.972514 0.432166   1
  1031     68 ARG    CB        5.74500    3.16200    5.06100  15.442557   6.027486 0.390317   1
  1034     68 ARG    CG        5.67100    3.24700    4.96200  11.659341   4.334833 0.371791   1
  1037     68 ARG    CD        5.72400    3.23100    4.81800  14.813187   5.829085 0.393507   1
  1040     68 ARG    NE        5.68600    3.34000    4.72600  13.348651   5.461769 0.409163   1
  1042     68 ARG    CZ        5.73000    3.34600    4.59700  15.202797   7.046977 0.463532   1
  1043     68 ARG    NH1       5.82800    3.26900    4.54800  19.818182   8.565217 0.432190   1
  1046     68 ARG    NH2       5.68300    3.43800    4.51200  12.796204   6.796602 0.531142   1
  1049     68 ARG    C         5.72400    3.31800    5.25700  13.775225   6.433783 0.467055   1
  1050     68 ARG    O         5.83600    3.34800    5.29300  14.779221   6.502249 0.439959   1
  1051     69 THR    N         5.61700    3.39900    5.26900   9.478521   4.992004 0.526665   1
  1053     69 THR    CA        5.62400    3.52700    5.34000   9.323676   4.799100 0.514722   1
  1055     69 THR    CB        5.53400    3.63100    5.27300   6.151848   3.833583 0.623160   1
  1057     69 THR    CG2       5.58400    3.77500    5.30600   4.978022   2.929035 0.588393   1
  1061     69 THR    OG1       5.53300    3.63900    5.13600   3.832168   2.508746 nan        0
  1063     69 THR    C         5.59800    3.51700    5.48800  11.096903   6.489255 0.584781   1
  1064     69 THR    O         5.48700    3.46900    5.51400  10.896104   6.331834 0.581110   1
  1065     70 PRO    N         5.68400    3.56000    5.57800  14.269730   6.066967 0.425163   1
  1066     70 PRO    CD        5.81700    3.60300    5.55200  15.891109   5.270865 0.331686   1
  1069     70 PRO    CG        5.89900    3.58000    5.67900  20.044955   6.189905 0.308801   1
  1072     70 PRO    CB        5.80100    3.51000    5.77400  20.340659   6.652674 0.327063   1
  1075     70 PRO    CA        5.66400    3.54500    5.72100  16.394605   7.042979 0.429591   1
  1077     70 PRO    C         5.59800    3.66400    5.79200  15.223776   7.933033 0.521095   1
  1078     70 PRO    O         5.59600    3.77700    5.73800  12.155844   6.334333 0.521094   1
  1079     71 GLY    N         5.53400    3.62900    5.90700  18.343656   9.610695 0.523925   1
  1081     71 GLY    CA        5.45600    3.71800    5.98800  19.497502  10.429285 0.534904   1
  1084     71 GLY    C         5.32600    3.75900    5.92300  17.764236  10.705147 0.602624   1
  1085     71 GLY    O         5.26200    3.85200    5.97700  18.148851   9.529735 0.525088   1
  1086     72 SER    N         5.28600    3.70700    5.80300  16.047952  10.359820 0.645554   1
  1088     72 SER    CA        5.16900    3.74400    5.72600  11.991009   8.859570 0.738851   1
  1090     72 SER    CB        5.19300    3.67600    5.59200   9.608392   6.893053 0.717399   1
  1093     72 SER    OG        5.31700    3.71100    5.53200   7.987013   6.054973 0.758102   1
  1095     72 SER    C         5.03700    3.68900    5.78700  13.966034   9.858071 0.705860   1
  1096     72 SER    O         5.03200    3.60700    5.88200  17.072927  11.558221 0.676991   1
  1097     73 ARG    N         4.92300    3.72100    5.72000  11.453546   7.152424 0.624472   1
  1099     73 ARG    CA        4.78800    3.66800    5.74100   9.943057   6.466767 0.650380   1
  1101     73 ARG    CB        4.69000    3.77300    5.79000   9.859141   4.975012 0.504609   1
  1104     73 ARG    CG        4.71800    3.86000    5.91600  12.442557   5.516742 0.443377   1
  1107     73 ARG    CD        4.71100    3.77800    6.04400  17.393606   8.625187 0.495883   1
  1110     73 ARG    NE        4.57100    3.75700    6.07400  18.827173   9.007996 0.478457   1
  1112     73 ARG    CZ        4.49100    3.83500    6.14500  20.652348   8.878561 0.429906   1
  1113     73 ARG    NH1       4.52000    3.95200    6.18100  21.517483   8.299850 0.385726   1
  1116     73 ARG    NH2       4.37000    3.79200    6.16200  21.210789   9.439780 0.445046   1
  1119     73 ARG    C         4.74400    3.59600    5.61200   7.873127   6.091454 0.773702   1
  1120     73 ARG    O         4.78400    3.63700    5.50600   6.116883   4.297851 0.702621   1
  1121     74 ASN    N         4.64300    3.50600    5.62000   9.349650   5.720140 0.611803   1
  1123     74 ASN    CA        4.56800    3.43300    5.51600   8.171828   5.347826 0.654422   1
  1125     74 ASN    CB        4.60800    3.29000    5.53200  11.012987   7.299850 0.662840   1
  1128     74 ASN    CG        4.53400    3.19900    5.44300  10.892108   5.961519 0.547325   1
  1129     74 ASN    OD1       4.49200    3.23600    5.33600   6.840160   3.643678 0.532689   1
  1130     74 ASN    ND2       4.52700    3.07200    5.48200  13.674326   6.826587 0.499227   1
  1133     74 ASN    C         4.41400    3.46400    5.52700   8.160839   2.971514 0.364119   1
  1134     74 ASN    O         4.33700    3.37900    5.56100   9.608392   4.249375 0.442257   1
  1135     75 LEU    N         4.38100    3.59200    5.52200   5.360639   2.152924 0.401617   1
  1137     75 LEU    CA        4.25400    3.64200    5.56500   7.740260   3.125437 0.403790   1
  1139     75 LEU    CB        4.25200    3.79400    5.58100   8.170829   3.259870 0.398964   1
  1142     75 LEU    CG        4.34400    3.84800    5.68600  10.251748   3.833083 0.373896   1
  1144     75 LEU    CD1       4.35100    4.00500    5.66300   9.274725   3.571214 0.385048   1
  1148     75 LEU    CD2       4.30400    3.81100    5.82700  13.985015   5.607696 0.400979   1
  1152     75 LEU    C         4.12700    3.58300    5.48100   8.589411   3.183408 0.370620   1
  1153     75 LEU    O         4.02300    3.57000    5.54100  11.415584   4.546727 0.398291   1
  1154     76 CYS    N         4.14400    3.55700    5.35400   5.420579   1.542229 0.284514   1
  1156     76 CYS    CA        4.05200    3.48300    5.26300   6.889111   1.009995 0.146607   1
  1158     76 CYS    CB        4.08700    3.51400    5.12400   4.321678   0.553723 0.128127   1
  1161     76 CYS    SG        4.08000    3.68400    5.07800   2.342657   0.317841 nan        0
  1162     76 CYS    C         4.05900    3.32600    5.29100   9.876124   1.249375 0.126505   1
  1163     76 CYS    O         3.96600    3.25400    5.24800  12.630370   1.274863 0.100936   1
  1164     77 ASN    N         4.15300    3.28100    5.36900   9.314685   2.989005 0.320892   1
  1166     77 ASN    CA        4.17000    3.13900    5.40700  12.939061   3.942529 0.304700   1
  1168     77 ASN    CB        4.06700    3.10900    5.51800  17.974026   5.419790 0.301535   1
  1171     77 ASN    CG        4.10000    2.98200    5.58800  21.022977   7.685657 0.365584   1
  1172     77 ASN    OD1       4.03000    2.88200    5.57500  23.129870   6.688156 0.289157   1
  1173     77 ASN    ND2       4.19200    2.97100    5.67700  21.381618   9.297851 0.434853   1
  1176     77 ASN    C         4.17500    3.04000    5.29600  12.094905   2.845077 0.235229   1
  1177     77 ASN    O         4.10100    2.94000    5.28200  15.246753   3.314843 0.217413   1
  1178     78 ILE    N         4.27000    3.06400    5.21300   7.803197   2.194903 0.281282   1
  1180     78 ILE    CA        4.27800    3.00100    5.07600   7.700300   1.791104 0.232602   1
  1182     78 ILE    CB        4.21000    3.09100    4.97200   7.643357   0.982009 0.128479   1
  1184     78 ILE    CG2       4.29000    3.22100    4.95700   2.962038   0.369315 nan        0
  1188     78 ILE    CG1       4.19000    3.03600    4.82800   9.466533   0.429285 0.045348   1
  1191     78 ILE    CD        4.07700    2.92600    4.81600  13.832168   0.553723 0.040032   1
  1195     78 ILE    C         4.43000    2.98400    5.04500   5.674326   1.636182 0.288348   1
  1196     78 ILE    O         4.50900    3.07000    5.08100   3.789211   1.535732 nan        0
  1197     79 PRO    N         4.47300    2.87300    4.97700   9.923077   1.430285 0.144137   1
  1198     79 PRO    CD        4.39100    2.75800    4.94900  13.833167   1.343328 0.097109   1
  1201     79 PRO    CG        4.47700    2.65900    4.87400  16.596404   0.829085 0.049956   1
  1204     79 PRO    CB        4.62800    2.71300    4.86900  14.493506   1.126937 0.077755   1
  1207     79 PRO    CA        4.60800    2.85800    4.91500   9.850150   1.234883 0.125367   1
  1209     79 PRO    C         4.62500    2.95700    4.80700   4.901099   0.452774 0.092382   1
  1210     79 PRO    O         4.53300    2.96500    4.71700   2.818182   0.214393 nan        0
  1211     80 CYS    N         4.74000    3.02600    4.79300   4.196803   0.478261 0.113958   1
  1213     80 CYS    CA        4.76500    3.12800    4.68900   3.478521   0.376812 nan        0
  1215     80 CYS    CB        4.90000    3.19300    4.72900   4.721279   0.711644 0.150731   1
  1218     80 CYS    SG        4.89700    3.33200    4.84600   3.975025   1.404798 nan        0
  1219     80 CYS    C         4.77900    3.06100    4.55300   4.437562   0.409795 0.092347   1
  1220     80 CYS    O         4.75900    3.12600    4.45200   3.249750   0.237881 nan        0
  1221     81 SER    N         4.79900    2.92500    4.53700   9.280719   0.825587 0.088957   1
  1223     81 SER    CA        4.78400    2.85500    4.41200  12.419580   0.723138 0.058226   1
  1225     81 SER    CB        4.84100    2.71400    4.42700  17.093906   1.049475 0.061395   1
  1228     81 SER    OG        4.77400    2.64200    4.52500  18.177822   1.125437 0.061913   1
  1230     81 SER    C         4.63800    2.84500    4.37000  11.350649   0.316342 0.027870   1
  1231     81 SER    O         4.61400    2.85300    4.25000  11.297702   0.282359 0.024993   1
  1232     82 ALA    N         4.54000    2.84600    4.46000   9.765235   0.344328 0.035261   1
  1234     82 ALA    CA        4.40200    2.83700    4.41300   9.890110   1.910545 0.193177   1
  1236     82 ALA    CB        4.31000    2.79700    4.53300  10.431568   1.267866 0.121541   1
  1240     82 ALA    C         4.36800    2.97300    4.34600   8.833167   3.631684 0.411142   1
  1241     82 ALA    O         4.28400    2.97800    4.26300  10.119880   3.998001 0.395064   1
  1242     83 LEU    N         4.44100    3.08900    4.37400   4.934066   3.635682 0.736853   1
  1244     83 LEU    CA        4.41800    3.21800    4.30400   5.717283   4.256872 0.744562   1
  1246     83 LEU    CB        4.46500    3.33800    4.38000   3.229770   4.781609 nan        0
  1249     83 LEU    CG        4.42500    3.34700    4.52900   3.048951   3.591204 nan        0
  1251     83 LEU    CD1       4.44900    3.48900    4.58000   2.123876   3.258371 nan        0
  1255     83 LEU    CD2       4.27900    3.31300    4.56900   3.669331   2.289855 nan        0
  1259     83 LEU    C         4.46800    3.22000    4.16400   5.358641   4.114943 0.767908   1
  1260     83 LEU    O         4.45800    3.32400    4.09300   4.119880   4.893053 1.187669   1
  1261     84 LEU    N         4.52600    3.11400    4.11500   6.303696   4.843578 0.768371   1
  1263     84 LEU    CA        4.59200    3.10900    3.98000   7.461538   4.400800 0.589798   1
  1265     84 LEU    CB        4.74000    3.07400    3.99800   8.582418   3.316342 0.386411   1
  1268     84 LEU    CG        4.82800    3.17800    4.07700   6.467532   1.964018 0.303673   1
  1270     84 LEU    CD1       4.97300    3.13000    4.05800   9.827173   0.630185 0.064127   1
  1274     84 LEU    CD2       4.81500    3.32300    4.03300   3.070929   2.160920 nan        0
  1278     84 LEU    C         4.51200    3.01500    3.88600  10.201798   5.047476 0.494763   1
  1279     84 LEU    O         4.56600    2.98100    3.78300  10.192807   4.492254 0.440728   1
  1280     85 SER    N         4.39300    2.97000    3.92100  12.827173   5.975012 0.465809   1
  1282     85 SER    CA        4.31600    2.87200    3.84500  15.048951   4.976512 0.330688   1
  1284     85 SER    CB        4.20100    2.81700    3.93200  16.345654   4.939530 0.302192   1
  1287     85 SER    OG        4.13100    2.72400    3.85900  18.454545   3.804098 0.206133   1
  1289     85 SER    C         4.26700    2.93300    3.71400  12.832168   5.015992 0.390892   1
  1290     85 SER    O         4.25100    3.05700    3.70100   8.218781   6.029485 0.733623   1
  1291     86 SER    N         4.22100    2.85700    3.61300  13.757243   4.929535 0.358323   1
  1293     86 SER    CA        4.14500    2.90100    3.49900  12.473526   4.174913 0.334702   1
  1295     86 SER    CB        4.12500    2.78100    3.40300  16.497502   4.981009 0.301925   1
  1298     86 SER    OG        4.05900    2.67500    3.46000  20.218781   3.248376 0.160661   1
  1300     86 SER    C         4.01100    2.96100    3.53400  12.067932   3.374813 0.279651   1
  1301     86 SER    O         3.96400    3.03700    3.45300  10.307692   1.828086 0.177352   1
  1302     87 ASP    N         3.95400    2.93500    3.64700  13.398601   3.450775 0.257547   1
  1304     87 ASP    CA        3.84200    3.00800    3.69800  14.029970   4.422789 0.315239   1
  1306     87 ASP    CB        3.74500    2.89400    3.74500  17.066933   3.551224 0.208076   1
  1309     87 ASP    CG        3.60800    2.95200    3.78600  17.439560   3.621689 0.207671   1
  1310     87 ASP    OD1       3.53300    2.99800    3.70000  16.209790   3.149925 0.194322   1
  1311     87 ASP    OD2       3.58000    2.96300    3.90500  17.127872   3.929535 0.229423   1
  1312     87 ASP    C         3.86800    3.11600    3.80700  10.143856   5.480760 0.540303   1
  1313     87 ASP    O         3.95000    3.10300    3.90400   8.824176   4.735132 0.536609   1
  1314     88 ILE    N         3.80100    3.23000    3.79900   8.316683   5.434783 0.653480   1
  1316     88 ILE    CA        3.82900    3.34500    3.88700   6.264735   6.195402 0.988933   1
  1318     88 ILE    CB        3.80700    3.47900    3.81800   5.857143   4.693653 0.801355   1
  1320     88 ILE    CG2       3.89200    3.48800    3.68500   5.171828   3.141429 0.607412   1
  1324     88 ILE    CG1       3.66100    3.50700    3.79700   3.689311   2.551224 nan        0
  1327     88 ILE    CD        3.62600    3.65200    3.76100   2.277722   1.787106 nan        0
  1331     88 ILE    C         3.75600    3.34000    4.03000   6.413586   6.069465 0.946345   1
  1332     88 ILE    O         3.78200    3.42900    4.11000   5.474525   5.241879 0.957504   1
  1333     89 THR    N         3.66900    3.24600    4.05500   9.204795   5.520240 0.599713   1
  1335     89 THR    CA        3.57600    3.24800    4.16900  10.046953   4.243378 0.422355   1
  1337     89 THR    CB        3.51300    3.11700    4.18400  13.989011   3.898551 0.278687   1
  1339     89 THR    CG2       3.40900    3.11300    4.29900  16.587413   3.528236 0.212706   1
  1343     89 THR    OG1       3.43600    3.08100    4.06700  15.048951   4.228386 0.280975   1
  1345     89 THR    C         3.65200    3.27100    4.30200   9.736264   3.693153 0.379319   1
  1346     89 THR    O         3.61500    3.35700    4.37900   8.630370   3.453773 0.400188   1
  1347     90 ALA    N         3.77400    3.20500    4.32300  10.135864   3.355322 0.331035   1
  1349     90 ALA    CA        3.84400    3.22100    4.45200   9.135864   3.015492 0.330072   1
  1351     90 ALA    CB        3.96500    3.12700    4.44500   9.836164   3.499750 0.355804   1
  1355     90 ALA    C         3.89400    3.36600    4.47900   5.884116   2.771114 0.470948   1
  1356     90 ALA    O         3.87300    3.42400    4.58000   5.268731   2.182409 0.414219   1
  1357     91 SER    N         3.94800    3.42900    4.37300   6.945055   4.696152 0.676186   1
  1359     91 SER    CA        3.99500    3.56900    4.36200   5.803197   5.918541 1.019876   1
  1361     91 SER    CB        4.07100    3.59300    4.23400   5.812188   5.961019 1.025607   1
  1364     91 SER    OG        4.18100    3.50500    4.21900   5.696304   5.911544 1.037786   1
  1366     91 SER    C         3.87500    3.65500    4.38200   3.728272   3.209895 nan        0
  1367     91 SER    O         3.88400    3.76100    4.45400   2.858142   2.820090 nan        0
  1368     92 VAL    N         3.75300    3.62500    4.33500   2.444555   2.667166 nan        0
  1370     92 VAL    CA        3.62400    3.69900    4.35500   1.680320   1.822089 nan        0
  1372     92 VAL    CB        3.50400    3.64800    4.26500   2.177822   1.999500 nan        0
  1374     92 VAL    CG1       3.37200    3.70900    4.31600   2.821179   1.596702 nan        0
  1378     92 VAL    CG2       3.53600    3.69200    4.12200   1.589411   1.290855 nan        0
  1382     92 VAL    C         3.58700    3.69700    4.50400   3.026973   1.867066 nan        0
  1383     92 VAL    O         3.58100    3.80600    4.56200   2.399600   1.760120 nan        0
  1384     93 ASN    N         3.56600    3.57600    4.56000   6.144855   1.232384 0.200555   1
  1386     93 ASN    CA        3.52300    3.56800    4.69700   9.556444   1.629185 0.170480   1
  1388     93 ASN    CB        3.51500    3.41800    4.73700  13.898102   1.746627 0.125674   1
  1391     93 ASN    CG        3.37900    3.36500    4.70000  16.131868   2.115442 0.131134   1
  1392     93 ASN    OD1       3.34700    3.32400    4.59200  14.592408   2.150925 0.147400   1
  1393     93 ASN    ND2       3.28400    3.35700    4.79400  17.416583   2.582209 0.148262   1
  1396     93 ASN    C         3.62900    3.63900    4.79500   6.919081   1.370815 0.198121   1
  1397     93 ASN    O         3.58500    3.68000    4.90500   8.094905   1.484758 0.183419   1
  1398     94 CYS    N         3.75600    3.65300    4.74500   4.516484   0.647176 0.143292   1
  1400     94 CYS    CA        3.85900    3.71600    4.82600   3.223776   0.221389 nan        0
  1402     94 CYS    CB        3.98300    3.64800    4.79300   2.176823   0.178911 nan        0
  1405     94 CYS    SG        4.13500    3.69000    4.88300   2.362637   0.101449 nan        0
  1406     94 CYS    C         3.87100    3.86900    4.80300   2.091908   0.067466 nan        0
  1407     94 CYS    O         3.88300    3.94400    4.89700   1.065934   0.048976 nan        0
  1408     95 ALA    N         3.85000    3.91700    4.68200   0.506494   0.642179 nan        0
  1410     95 ALA    CA        3.83000    4.05300    4.64900   0.042957   0.716642 nan        0
  1412     95 ALA    CB        3.81900    4.05700    4.49400   0.918082   1.000000 nan        0
  1416     95 ALA    C         3.71400    4.11600    4.72100   0.043956   0.026487 nan        0
  1417     95 ALA    O         3.72200    4.23400    4.75600   0.000999   0.000500 nan        0
  1418     96 LYS    N         3.61100    4.03900    4.74900   1.447552   0.159420 nan        0
  1420     96 LYS    CA        3.48900    4.08300    4.81600   3.715285   0.548226 nan        0
  1422     96 LYS    CB        3.38000    3.97600    4.79500   6.655345   2.141929 0.321836   1
  1425     96 LYS    CG        3.31300    3.99300    4.65300   6.257742   2.424288 0.387406   1
  1428     96 LYS    CD        3.19900    3.88400    4.65000  10.147852   3.791104 0.373587   1
  1431     96 LYS    CE        3.11000    3.89400    4.52200  10.268731   4.749125 0.462484   1
  1434     96 LYS    NZ        2.98300    3.82400    4.53700  14.914086   5.870565 0.393626   1
  1438     96 LYS    C         3.50600    4.11700    4.96100   6.136863   0.199900 0.032574   1
  1439     96 LYS    O         3.41900    4.19200    5.00800   8.373626   0.679660 0.081167   1
  1440     97 LYS    N         3.60100    4.05500    5.04000   6.328671   0.472264 0.074623   1
  1442     97 LYS    CA        3.66100    4.09300    5.16900   7.750250   2.018991 0.260507   1
  1444     97 LYS    CB        3.74600    3.97500    5.23200   9.080919   2.512744 0.276706   1
  1447     97 LYS    CG        3.66100    3.85000    5.26100  13.470529   3.208396 0.238179   1
  1450     97 LYS    CD        3.74400    3.74200    5.33500  14.363636   3.923538 0.273158   1
  1453     97 LYS    CE        3.66200    3.63300    5.41300  18.020979   4.564218 0.253272   1
  1456     97 LYS    NZ        3.59700    3.67800    5.54200  22.244755   6.099450 0.274197   1
  1460     97 LYS    C         3.75200    4.20900    5.14800   5.378621   1.610695 0.299462   1
  1461     97 LYS    O         3.73900    4.30300    5.22800   7.314685   2.580710 0.352812   1
  1462     98 ILE    N         3.84500    4.20700    5.05100   2.077922   0.708146 nan        0
  1464     98 ILE    CA        3.95200    4.30800    5.03900   2.651349   0.859070 nan        0
  1466     98 ILE    CB        4.04400    4.27900    4.91800   2.649351   0.346827 nan        0
  1468     98 ILE    CG2       4.14100    4.39000    4.87600   4.900100   1.481259 0.302292   1
  1472     98 ILE    CG1       4.13100    4.14700    4.95200   1.776224   0.557221 nan        0
  1475     98 ILE    CD        4.18400    4.08700    4.82100   1.570430   0.643178 nan        0
  1479     98 ILE    C         3.89500    4.44700    5.02300   3.571429   1.506247 nan        0
  1480     98 ILE    O         3.92300    4.54400    5.09600   5.218781   3.101449 0.594286   1
  1481     99 VAL    N         3.79500    4.46200    4.92900   2.112887   0.945027 nan        0
  1483     99 VAL    CA        3.73900    4.59300    4.89500   2.198801   1.841079 nan        0
  1485     99 VAL    CB        3.65400    4.58200    4.76700   1.967033   0.009995 nan        0
  1487     99 VAL    CG1       3.52700    4.49400    4.76300   0.219780   0.025987 nan        0
  1491     99 VAL    CG2       3.61300    4.71600    4.70900   2.845155   0.024988 nan        0
  1495     99 VAL    C         3.65200    4.64200    5.01000   4.180819   2.016492 0.482320   1
  1496     99 VAL    O         3.62700    4.76500    5.01500   6.275724   2.722639 0.433837   1
  1497    100 SER    N         3.59800    4.55400    5.09300   6.931069   2.618191 0.377747   1
  1499    100 SER    CA        3.52300    4.58800    5.21900  11.300699   4.301849 0.380671   1
  1501    100 SER    CB        3.42800    4.47300    5.25900  12.676324   4.242879 0.334709   1
  1504    100 SER    OG        3.34300    4.43700    5.15000  11.408591   2.666667 0.233742   1
  1506    100 SER    C         3.61000    4.62100    5.34000  13.634366   6.279860 0.460591   1
  1507    100 SER    O         3.56100    4.65800    5.44900  16.969031   8.043978 0.474039   1
  1508    101 ASP    N         3.74200    4.62800    5.33200  11.650350   6.169915 0.529591   1
  1510    101 ASP    CA        3.83500    4.64000    5.44700  15.922078   8.828586 0.554487   1
  1512    101 ASP    CB        3.97000    4.57500    5.40700  14.610390   8.359320 0.572149   1
  1515    101 ASP    CG        4.07000    4.57700    5.51800  18.602398  10.053973 0.540467   1
  1516    101 ASP    OD1       4.04200    4.52100    5.62700  19.677323  11.841579 0.601788   1
  1517    101 ASP    OD2       4.17500    4.64800    5.50200  18.584416   9.575212 0.515228   1
  1518    101 ASP    C         3.85200    4.77800    5.50700  17.971029  10.672164 0.593854   1
  1519    101 ASP    O         3.87400    4.78400    5.63000  21.844156  13.391804 0.613061   1
  1520    102 GLY    N         3.83200    4.88600    5.42500  16.047952   8.752624 0.545404   1
  1522    102 GLY    CA        3.81200    5.02200    5.46800  18.553447  10.251374 0.552532   1
  1525    102 GLY    C         3.84600    5.12700    5.36600  18.867133   9.705647 0.514421   1
  1526    102 GLY    O         3.76900    5.22200    5.36000  21.291708  10.385307 0.487763   1
  1527    103 ASN    N         3.95400    5.10300    5.28300  16.092907   7.765617 0.482549   1
  1529    103 ASN    CA        4.00000    5.19500    5.17300  15.549451   7.330835 0.471453   1
  1531    103 ASN    CB        4.15200    5.21200    5.17100  16.804196   6.439780 0.383225   1
  1534    103 ASN    CG        4.21900    5.26400    5.29100  20.761239   8.677661 0.417974   1
  1535    103 ASN    OD1       4.15300    5.32500    5.37600  22.549451  10.547226 0.467738   1
  1536    103 ASN    ND2       4.34300    5.23500    5.31600  21.821179   8.137431 0.372914   1
  1539    103 ASN    C         3.93700    5.16200    5.03900  12.320679   5.956022 0.483417   1
  1540    103 ASN    O         3.99500    5.19500    4.93600  11.740260   5.858071 0.498973   1
  1541    104 GLY    N         3.81400    5.10600    5.03700  10.650350   5.680160 0.533331   1
  1543    104 GLY    CA        3.74800    5.06900    4.90900   8.672328   4.868066 0.561333   1
  1546    104 GLY    C         3.84400    5.00000    4.81500   5.019980   3.215392 0.640519   1
  1547    104 GLY    O         3.90300    4.89700    4.85400   4.047952   2.593203 0.640621   1
  1548    105 MET    N         3.85800    5.04300    4.68900   4.251748   2.396802 0.563721   1
  1550    105 MET    CA        3.94200    4.98200    4.58700   1.116883   0.118941 nan        0
  1552    105 MET    CB        3.87700    4.99000    4.44900   0.068931   0.000000 nan        0
  1555    105 MET    CG        3.76500    4.88900    4.42700   0.000000   0.000000 nan        0
  1558    105 MET    SD        3.72100    4.86400    4.25800   0.002997   0.001499 nan        0
  1559    105 MET    CE        3.85300    4.74900    4.20800   1.516484   0.908546 nan        0
  1563    105 MET    C         4.08400    5.04100    4.58800   0.791209   0.099950 nan        0
  1564    105 MET    O         4.17000    4.98800    4.52000   0.564436   1.934033 nan        0
  1565    106 ASN    N         4.10700    5.15200    4.66500   4.182817   1.149425 0.274797   1
  1567    106 ASN    CA        4.24800    5.19700    4.68500   5.452547   1.304348 0.239218   1
  1569    106 ASN    CB        4.25300    5.32500    4.77100   9.730270   2.749625 0.282585   1
  1572    106 ASN    CG        4.14600    5.43600    4.73400  11.428571   3.539730 0.309726   1
  1573    106 ASN    OD1       4.16600    5.52400    4.65000  12.474525   4.704148 0.377100   1
  1574    106 ASN    ND2       4.03300    5.43800    4.79000  12.066933   5.090455 0.421852   1
  1577    106 ASN    C         4.34100    5.09000    4.75200   8.058941   2.533233 0.314338   1
  1578    106 ASN    O         4.45000    5.11900    4.80100   9.403596   3.149925 0.334970   1
  1579    107 ALA    N         4.28300    4.97200    4.78600   7.954046   2.700650 0.339532   1
  1581    107 ALA    CA        4.35700    4.85200    4.82400  10.608392   4.681159 0.441269   1
  1583    107 ALA    CB        4.25000    4.74300    4.84600   9.217782   3.680160 0.399246   1
  1587    107 ALA    C         4.44800    4.80300    4.70900  10.961039   6.520240 0.594856   1
  1588    107 ALA    O         4.52900    4.71300    4.74100  13.969031   6.950025 0.497531   1
  1589    108 TRP    N         4.43100    4.85300    4.58800   7.708292   5.433783 0.704927   1
  1591    108 TRP    CA        4.51400    4.83000    4.47600   8.112887   6.012994 0.741166   1
  1593    108 TRP    CB        4.43800    4.74200    4.37900   6.268731   4.937531 0.787644   1
  1596    108 TRP    CG        4.40100    4.60700    4.42700   6.945055   5.367316 0.772826   1
  1597    108 TRP    CD1       4.48100    4.49800    4.44100   7.750250   6.122939 0.790031   1
  1599    108 TRP    NE1       4.41100    4.39400    4.49000   6.944056   5.235882 0.754009   1
  1601    108 TRP    CE2       4.27300    4.42600    4.50900   5.231768   2.886057 0.551641   1
  1602    108 TRP    CZ2       4.16100    4.34700    4.54400   2.814186   1.629685 nan        0
  1604    108 TRP    CH2       4.03700    4.41100    4.53700   1.616384   1.029485 nan        0
  1606    108 TRP    CZ3       4.01800    4.54400    4.48400   1.231768   1.006497 nan        0
  1608    108 TRP    CE3       4.13600    4.61500    4.45700   2.598402   2.015492 nan        0
  1610    108 TRP    CD2       4.26400    4.55700    4.45500   5.544456   2.857571 0.515393   1
  1611    108 TRP    C         4.56900    4.95500    4.41500   6.781219   5.790105 0.853844   1
  1612    108 TRP    O         4.50200    5.04800    4.36700   4.200799   4.640180 1.104595   1
  1613    109 VAL    N         4.70100    4.96400    4.40900  10.182817   7.644678 0.750743   1
  1615    109 VAL    CA        4.77500    5.08000    4.37000  10.670330   6.617691 0.620196   1
  1617    109 VAL    CB        4.93000    5.06200    4.39700  16.327672   9.750625 0.597184   1
  1619    109 VAL    CG1       5.01500    5.18700    4.36800  17.455544   8.478261 0.485706   1
  1623    109 VAL    CG2       4.95100    5.01400    4.54100  17.719281  10.761119 0.607311   1
  1627    109 VAL    C         4.75800    5.10900    4.22200   8.478521   6.271864 0.739736   1
  1628    109 VAL    O         4.73800    5.22900    4.19100   6.968032   5.562219 0.798248   1
  1629    110 ALA    N         4.74700    5.01000    4.13600   9.508492   8.335332 0.876620   1
  1631    110 ALA    CA        4.72000    5.03200    3.99800   8.519481   7.144428 0.838599   1
  1633    110 ALA    CB        4.74000    4.90600    3.91500   9.660340   8.222889 0.851201   1
  1637    110 ALA    C         4.58000    5.09400    3.97400   5.185814   3.445777 0.664462   1
  1638    110 ALA    O         4.57700    5.20100    3.91300   4.293706   2.686157 0.625603   1
  1639    111 TRP    N         4.48000    5.04200    4.04200   3.180819   3.359320 nan        0
  1641    111 TRP    CA        4.34400    5.10300    4.03000   2.070929   2.757121 nan        0
  1643    111 TRP    CB        4.23800    5.02100    4.11000   2.808192   3.000000 nan        0
  1646    111 TRP    CG        4.10000    5.08500    4.10600   2.119880   2.346827 nan        0
  1647    111 TRP    CD1       4.00500    5.05900    4.01500   2.554446   2.182409 nan        0
  1649    111 TRP    NE1       3.89300    5.13500    4.04300   2.104895   1.026987 nan        0
  1651    111 TRP    CE2       3.91300    5.21900    4.14500   3.125874   1.552724 nan        0
  1652    111 TRP    CZ2       3.82300    5.30300    4.21000   6.147852   3.381809 0.550080   1
  1654    111 TRP    CH2       3.86400    5.36600    4.32700   6.240759   3.866067 0.619487   1
  1656    111 TRP    CZ3       3.99400    5.34300    4.38000   3.205794   2.702149 nan        0
  1658    111 TRP    CE3       4.08500    5.25800    4.31800   0.645355   0.720140 nan        0
  1660    111 TRP    CD2       4.04400    5.18600    4.20100   0.981019   1.484758 nan        0
  1661    111 TRP    C         4.33700    5.24700    4.08200   2.379620   2.012994 nan        0
  1662    111 TRP    O         4.28300    5.33400    4.01500   2.200799   2.302849 nan        0
  1663    112 ARG    N         4.41300    5.28100    4.19200   2.390609   2.103948 nan        0
  1665    112 ARG    CA        4.42200    5.42300    4.25100   4.174825   1.390805 0.333141   1
  1667    112 ARG    CB        4.50000    5.42500    4.38200   5.678322   2.334333 0.411096   1
  1670    112 ARG    CG        4.47500    5.56100    4.45700  10.135864   4.577211 0.451586   1
  1673    112 ARG    CD        4.55300    5.55700    4.59300  15.066933   5.523738 0.366613   1
  1676    112 ARG    NE        4.70100    5.53400    4.58600  16.262737   6.990505 0.429848   1
  1678    112 ARG    CZ        4.80100    5.62100    4.57800  17.994006   9.336832 0.518886   1
  1679    112 ARG    NH1       4.77900    5.74500    4.57200  19.851149  10.534733 0.530686   1
  1682    112 ARG    NH2       4.92600    5.59300    4.59400  19.194805   8.975012 0.467575   1
  1685    112 ARG    C         4.48700    5.51900    4.14700   6.573427   2.333333 0.354965   1
  1686    112 ARG    O         4.44800    5.63100    4.13000   9.323676   4.396302 0.471520   1
  1687    113 ASN    N         4.59300    5.47000    4.08200   7.118881   2.800100 0.393334   1
  1689    113 ASN    CA        4.67900    5.55100    3.99900  11.921079   4.595702 0.385511   1
  1691    113 ASN    CB        4.82200    5.49100    4.00800  13.834166   5.353823 0.387000   1
  1694    113 ASN    CG        4.90400    5.53100    4.12600  14.328671   6.476762 0.452014   1
  1695    113 ASN    OD1       4.84900    5.58800    4.22000  14.841159   7.462269 0.502809   1
  1696    113 ASN    ND2       5.03100    5.48900    4.13900  16.691309   7.250875 0.434410   1
  1699    113 ASN    C         4.62700    5.57000    3.85900  12.710290   5.058471 0.397982   1
  1700    113 ASN    O         4.65700    5.67700    3.79700  16.512488   6.929035 0.419624   1
  1701    114 ARG    N         4.56400    5.46500    3.80600   9.333666   4.528236 0.485151   1
  1703    114 ARG    CA        4.52300    5.45000    3.66700  10.289710   5.475762 0.532159   1
  1705    114 ARG    CB        4.58400    5.32100    3.61100  10.404595   4.830085 0.464226   1
  1708    114 ARG    CG        4.73800    5.30000    3.62900  12.225774   6.225887 0.509243   1
  1711    114 ARG    CD        4.79700    5.17500    3.56300  13.744256   7.007996 0.509885   1
  1714    114 ARG    NE        4.81000    5.18400    3.41600  15.835165   8.160420 0.515335   1
  1716    114 ARG    CZ        4.89400    5.11200    3.33600  17.567433   8.377311 0.476866   1
  1717    114 ARG    NH1       5.01000    5.06800    3.37900  19.867133   9.622689 0.484352   1
  1720    114 ARG    NH2       4.88000    5.11300    3.20800  19.542458   8.245377 0.421921   1
  1723    114 ARG    C         4.37000    5.44500    3.63700   9.118881   5.023488 0.550889   1
  1724    114 ARG    O         4.33100    5.47900    3.52800  10.285714   5.239880 0.509433   1
  1725    115 CYS    N         4.28800    5.40600    3.73200   6.046953   3.440780 0.569010   1
  1727    115 CYS    CA        4.14400    5.39200    3.70200   4.830170   3.220890 0.666827   1
  1729    115 CYS    CB        4.09200    5.25800    3.74400   3.557443   3.024988 nan        0
  1732    115 CYS    SG        4.18000    5.12100    3.66400   3.768232   2.578211 nan        0
  1733    115 CYS    C         4.06000    5.49300    3.77400   5.536464   3.628686 0.655416   1
  1734    115 CYS    O         3.96300    5.54500    3.72400   5.874126   4.320340 0.735486   1
  1735    116 LYS    N         4.09100    5.51200    3.90200   4.924076   2.854073 0.579616   1
  1737    116 LYS    CA        4.02100    5.61900    3.97600   8.412587   4.058471 0.482428   1
  1739    116 LYS    CB        4.09200    5.63500    4.12000   8.984016   4.534733 0.504756   1
  1742    116 LYS    CG        4.01500    5.72700    4.22200  13.681319   7.141429 0.521984   1
  1745    116 LYS    CD        4.10400    5.72500    4.35300  14.224775   8.377311 0.588924   1
  1748    116 LYS    CE        4.02400    5.79000    4.46300  17.860140   9.500250 0.531925   1
  1751    116 LYS    NZ        4.08900    5.78200    4.59100  20.091908   9.327336 0.464233   1
  1755    116 LYS    C         4.01000    5.75400    3.90700  12.270729   5.233383 0.426493   1
  1756    116 LYS    O         4.10800    5.80400    3.84800  12.761239   5.357321 0.419812   1
  1757    117 GLY    N         3.89600    5.82600    3.91200  14.955045   7.506747 0.501954   1
  1759    117 GLY    CA        3.87200    5.94200    3.83600  18.499500   8.690155 0.469751   1
  1762    117 GLY    C         3.85300    5.92900    3.68800  19.477522   8.630685 0.443110   1
  1763    117 GLY    O         3.81000    6.02400    3.62700  21.329670   8.888056 0.416699   1
  1764    118 THR    N         3.87000    5.81000    3.62400  16.543457   8.554223 0.517076   1
  1766    118 THR    CA        3.85300    5.79800    3.47500  16.077922   8.469765 0.526795   1
  1768    118 THR    CB        3.96400    5.71500    3.41300  14.326673   6.736132 0.470181   1
  1770    118 THR    CG2       4.09400    5.76400    3.46400  14.317682   6.897051 0.481716   1
  1774    118 THR    OG1       3.95300    5.57900    3.45100   9.899101   5.361319 0.541597   1
  1776    118 THR    C         3.71700    5.73400    3.43100  15.413586   8.571714 0.556114   1
  1777    118 THR    O         3.64000    5.67500    3.50600  15.047952   9.669165 0.642557   1
  1778    119 ASP    N         3.68800    5.74000    3.30200  16.702298  10.346327 0.619455   1
  1780    119 ASP    CA        3.57200    5.67600    3.23500  16.761239  10.585207 0.631529   1
  1782    119 ASP    CB        3.55200    5.73900    3.09600  17.889111  11.266367 0.629789   1
  1785    119 ASP    CG        3.45000    5.66900    3.00900  17.062937  10.290355 0.603082   1
  1786    119 ASP    OD1       3.35300    5.60400    3.05600  15.786214   8.809095 0.558025   1
  1787    119 ASP    OD2       3.46900    5.66000    2.88300  17.381618  10.518741 0.605165   1
  1788    119 ASP    C         3.59300    5.52300    3.22400  11.922078   7.057971 0.592008   1
  1789    119 ASP    O         3.62400    5.47400    3.11300   9.960040   6.100950 0.612543   1
  1790    120 VAL    N         3.55800    5.45700    3.33000   9.640360   6.301349 0.653643   1
  1792    120 VAL    CA        3.56700    5.31200    3.36100   7.243756   3.885057 0.536332   1
  1794    120 VAL    CB        3.58200    5.27800    3.50800   7.987013   4.696652 0.588036   1
  1796    120 VAL    CG1       3.71500    5.30500    3.56500   6.317682   4.940030 0.781937   1
  1800    120 VAL    CG2       3.48600    5.35900    3.58900  10.383616   6.504248 0.626395   1
  1804    120 VAL    C         3.45800    5.22900    3.27800   5.656344   2.012994 0.355882   1
  1805    120 VAL    O         3.49100    5.11600    3.24300   3.941059   0.545727 nan        0
  1806    121 GLN    N         3.34700    5.28700    3.23500   7.725275   3.508246 0.454126   1
  1808    121 GLN    CA        3.24600    5.23700    3.14000   8.009990   3.549725 0.443162   1
  1810    121 GLN    CB        3.13200    5.33700    3.12400  13.553447   5.756122 0.424698   1
  1813    121 GLN    CG        3.00200    5.28900    3.06000  16.413586   5.577211 0.339792   1
  1816    121 GLN    CD        2.99700    5.27900    2.90800  15.750250   5.540730 0.351787   1
  1817    121 GLN    OE1       2.95000    5.18200    2.85000  14.532468   4.507246 0.310150   1
  1818    121 GLN    NE2       3.05200    5.38100    2.84200  16.758242   6.458271 0.385379   1
  1821    121 GLN    C         3.30800    5.19400    3.00500   5.497502   3.011494 0.547793   1
  1822    121 GLN    O         3.27200    5.09700    2.94000   4.658342   2.476762 0.531683   1
  1823    122 ALA    N         3.41500    5.26000    2.96300   6.341658   3.907046 0.616092   1
  1825    122 ALA    CA        3.48900    5.23800    2.84400   8.271728   3.801599 0.459589   1
  1827    122 ALA    CB        3.60800    5.34100    2.83100  11.323676   5.133433 0.453336   1
  1831    122 ALA    C         3.54700    5.09000    2.84900   6.717283   1.750625 0.260615   1
  1832    122 ALA    O         3.55800    5.02000    2.75100   7.607393   2.201899 0.289442   1
  1833    123 TRP    N         3.58000    5.04300    2.97000   4.472527   0.938531 0.209843   1
  1835    123 TRP    CA        3.63000    4.90600    2.98200   2.688312   0.791604 nan        0
  1837    123 TRP    CB        3.69300    4.88700    3.12200   1.747253   0.144428 nan        0
  1840    123 TRP    CG        3.82200    4.95900    3.11700   4.094905   0.651174 0.159021   1
  1841    123 TRP    CD1       3.84100    5.07000    3.18900   4.817183   1.673163 0.347332   1
  1843    123 TRP    NE1       3.96200    5.12900    3.15900   6.514486   2.423788 0.372061   1
  1845    123 TRP    CE2       4.02600    5.05500    3.06000   8.773227   2.445777 0.278777   1
  1846    123 TRP    CZ2       4.14700    5.07200    2.99300  12.524476   3.387806 0.270495   1
  1848    123 TRP    CH2       4.19400    4.96500    2.91400  13.090909   2.715142 0.207407   1
  1850    123 TRP    CZ3       4.11600    4.84800    2.89500  10.534466   3.094953 0.293793   1
  1852    123 TRP    CE3       3.99000    4.83100    2.95600   7.073926   1.893053 0.267610   1
  1854    123 TRP    CD2       3.94300    4.93900    3.04200   6.381618   0.976012 0.152941   1
  1855    123 TRP    C         3.51900    4.80400    2.95500   1.598402   0.443778 nan        0
  1856    123 TRP    O         3.55600    4.68600    2.93200   1.382617   0.199400 nan        0
  1857    124 ILE    N         3.38600    4.85000    2.95600   2.218781   1.267866 nan        0
  1859    124 ILE    CA        3.27500    4.76800    2.92700   3.165834   1.938531 nan        0
  1861    124 ILE    CB        3.17200    4.74900    3.03800   6.487512   2.868566 0.442167   1
  1863    124 ILE    CG2       3.23500    4.67400    3.15700   4.324675   2.115442 0.489156   1
  1867    124 ILE    CG1       3.11300    4.88300    3.08400   9.337662   2.876062 0.308007   1
  1870    124 ILE    CD        2.99200    4.86800    3.17900  13.467532   4.023988 0.298792   1
  1874    124 ILE    C         3.20200    4.80400    2.79600   5.349650   2.538231 0.474467   1
  1875    124 ILE    O         3.11800    4.72500    2.75400   7.364635   3.452274 0.468764   1
  1876    125 ARG    N         3.23600    4.91700    2.73700   6.270729   2.786107 0.444303   1
  1878    125 ARG    CA        3.17700    4.96900    2.61000  10.632368   3.271864 0.307727   1
  1880    125 ARG    CB        3.24500    5.09900    2.58600  12.189810   4.457271 0.365656   1
  1883    125 ARG    CG        3.19300    5.15500    2.45700  16.415584   5.109445 0.311256   1
  1886    125 ARG    CD        3.21400    5.30900    2.45500  18.349650   5.650175 0.307917   1
  1889    125 ARG    NE        3.35500    5.34400    2.47200  18.784216   5.958521 0.317209   1
  1891    125 ARG    CZ        3.40000    5.45000    2.53500  17.711289   7.894553 0.445736   1
  1892    125 ARG    NH1       3.32500    5.54100    2.59300  17.739261   8.858571 0.499377   1
  1895    125 ARG    NH2       3.52700    5.47300    2.54100  18.788212   7.607696 0.404919   1
  1898    125 ARG    C         3.20400    4.85800    2.50400  12.803197   3.159920 0.246807   1
  1899    125 ARG    O         3.30400    4.79400    2.50500  12.566434   3.259370 0.259371   1
  1900    126 GLY    N         3.10600    4.82700    2.42000  15.917083   3.131434 0.196734   1
  1902    126 GLY    CA        3.10300    4.71200    2.33200  17.541459   2.572214 0.146636   1
  1905    126 GLY    C         3.06800    4.57700    2.37900  16.927073   3.142929 0.185675   1
  1906    126 GLY    O         3.05400    4.47900    2.30300  18.996004   2.970015 0.156349   1
  1907    127 CYS    N         3.06300    4.56500    2.51300  14.117882   3.868066 0.273983   1
  1909    127 CYS    CA        3.02900    4.42900    2.57000  12.891109   4.257371 0.330256   1
  1911    127 CYS    CB        3.09600    4.41100    2.70600   9.244755   4.396802 0.475600   1
  1914    127 CYS    SG        3.27900    4.41800    2.71700   8.021978   3.334833 0.415712   1
  1915    127 CYS    C         2.88000    4.40200    2.57100  16.473526   5.892554 0.357698   1
  1916    127 CYS    O         2.79300    4.49500    2.58200  17.985015   6.339830 0.352506   1
  1917    128 ARG    N         2.84200    4.27300    2.56800  18.885115   7.004498 0.370900   1
  1919    128 ARG    CA        2.70300    4.22500    2.59200  21.252747   8.083458 0.380349   1
  1921    128 ARG    CB        2.63800    4.19500    2.45300  21.843157   5.659670 0.259105   1
  1924    128 ARG    CG        2.49200    4.13700    2.46700  22.472527   6.368316 0.283382   1
  1927    128 ARG    CD        2.42900    4.08900    2.33900  23.262737   5.767116 0.247912   1
  1930    128 ARG    NE        2.28500    4.06400    2.35600  24.892108   6.959020 0.279567   1
  1932    128 ARG    CZ        2.18900    4.14800    2.33500  25.269730   8.037981 0.318087   1
  1933    128 ARG    NH1       2.20600    4.27200    2.30500  25.140859   7.607196 0.302583   1
  1936    128 ARG    NH2       2.06800    4.11000    2.32700  26.032967   8.163918 0.313599   1
  1939    128 ARG    C         2.69500    4.10600    2.69200  22.027972   8.258871 0.374927   1
  1940    128 ARG    OC1       2.63800    4.12400    2.79900  21.596404   8.934033 0.413682   1
  1941    128 ARG    OC2       2.75200    3.99500    2.67100  20.503497   6.665667 0.325099   1
