# atom_index_1based resid resname atomname x_nm y_nm z_nm n0 nS eta surface
     1      1 LYS    N         4.46600    3.05700    3.25700  11.510490  10.994003 0.955129   1
     5      1 LYS    CA        4.37700    3.12100    3.15300  11.832168  11.323838 0.957038   1
     7      1 LYS    CB        4.22800    3.10500    3.18900  12.081918  11.517741 0.953304   1
    10      1 LYS    CG        4.13100    3.16600    3.07800  11.595405  11.524738 0.993906   1
    13      1 LYS    CD        3.98400    3.11700    3.07800  13.014985  13.071464 1.004340   1
    16      1 LYS    CE        3.91100    3.21000    2.98700  14.849151  13.865067 0.933728   1
    19      1 LYS    NZ        3.95200    3.20900    2.84300  18.357642  15.283858 0.832561   1
    23      1 LYS    C         4.41900    3.26500    3.13300   9.369630   9.110445 0.972338   1
    24      1 LYS    O         4.43700    3.33600    3.23300   5.644356   6.018991 1.066373   1
    25      2 VAL    N         4.41200    3.31100    3.00900  11.808192   9.979510 0.845134   1
    27      2 VAL    CA        4.41500    3.45400    2.97000  11.406593   8.685657 0.761459   1
    29      2 VAL    CB        4.52200    3.47700    2.86100  17.034965  12.742629 0.748028   1
    31      2 VAL    CG1       4.51900    3.62500    2.81200  15.736264  11.576212 0.735639   1
    35      2 VAL    CG2       4.67300    3.44200    2.89100  16.740260  12.504248 0.746957   1
    39      2 VAL    C         4.27200    3.49900    2.92300   8.909091   8.044978 0.903008   1
    40      2 VAL    O         4.22300    3.45300    2.82300  11.903097  10.628686 0.892934   1
    41      3 PHE    N         4.20500    3.58700    2.99000   6.004995   5.296852 0.882074   1
    43      3 PHE    CA        4.07100    3.63800    2.96000   4.901099   4.483758 0.914848   1
    45      3 PHE    CB        4.00000    3.67200    3.09500   1.889111   1.456772 nan        0
    48      3 PHE    CG        3.94300    3.55500    3.17200   1.651349   2.939530 nan        0
    49      3 PHE    CD1       4.00400    3.50400    3.28900   0.741259   2.182409 nan        0
    51      3 PHE    CE1       3.94800    3.38700    3.34300   3.867133   4.573213 nan        0
    53      3 PHE    CZ        3.82000    3.34500    3.29900   6.441558   7.158921 1.111365   1
    55      3 PHE    CE2       3.75100    3.41300    3.20300   7.325674   7.821089 1.067627   1
    57      3 PHE    CD2       3.81700    3.51200    3.13600   5.608392   6.098451 1.087380   1
    59      3 PHE    C         4.07300    3.75600    2.85800   8.972028   8.448276 0.941624   1
    60      3 PHE    O         4.15800    3.84200    2.85600   9.550450   8.966517 0.938858   1
    61      4 GLY    N         3.97300    3.74600    2.76600  10.740260  10.560220 0.983237   1
    63      4 GLY    CA        3.93900    3.87100    2.69000  12.042957  11.200900 0.930079   1
    66      4 GLY    C         3.88000    3.98200    2.78600   8.986014   8.929035 0.993659   1
    67      4 GLY    O         3.84000    3.94700    2.89600   5.823177   6.019490 1.033712   1
    68      5 ARG    N         3.86800    4.10700    2.73300   9.575425   9.275362 0.968663   1
    70      5 ARG    CA        3.80500    4.21400    2.80800   6.134865   5.780110 0.942174   1
    72      5 ARG    CB        3.81200    4.33200    2.71000   8.995005   7.417291 0.824601   1
    75      5 ARG    CG        3.77400    4.46400    2.77200   7.474525   6.176912 0.826395   1
    78      5 ARG    CD        3.79800    4.58800    2.69300  10.342657   7.925537 0.766296   1
    81      5 ARG    NE        3.72200    4.59000    2.56800  13.664336   9.664668 0.707291   1
    83      5 ARG    CZ        3.59500    4.62600    2.54700  12.389610   8.252874 0.666112   1
    84      5 ARG    NH1       3.51700    4.66000    2.64400   8.686314   5.056472 0.582119   1
    87      5 ARG    NH2       3.55100    4.64500    2.42700  15.245754   9.696152 0.635990   1
    90      5 ARG    C         3.66300    4.17600    2.84600   3.714286   4.444778 nan        0
    91      5 ARG    O         3.63000    4.18500    2.96400   1.869131   2.411294 nan        0
    92      6 CYS    N         3.58100    4.12000    2.75400   7.496503   7.482259 0.998100   1
    94      6 CYS    CA        3.43500    4.09500    2.77500   8.189810   7.593703 0.927214   1
    96      6 CYS    CB        3.36200    4.11900    2.63600  11.678322   9.968516 0.853591   1
    99      6 CYS    SG        3.36100    4.28600    2.56900  11.967033   9.372814 0.783220   1
   100      6 CYS    C         3.40700    3.95800    2.83100   8.950050   8.536232 0.953764   1
   101      6 CYS    O         3.32000    3.94400    2.91500   9.685315   8.891554 0.918045   1
   102      7 GLU    N         3.49000    3.86200    2.80500   9.926074   9.695152 0.976736   1
   104      7 GLU    CA        3.49000    3.72800    2.86700  10.876124  10.213393 0.939066   1
   106      7 GLU    CB        3.59900    3.65100    2.79500  12.769231  11.619690 0.909976   1
   109      7 GLU    CG        3.59500    3.50500    2.84300  15.333666  13.122439 0.855793   1
   112      7 GLU    CD        3.70500    3.41100    2.80200  17.330669  15.175412 0.875639   1
   113      7 GLU    OE1       3.82200    3.45300    2.78600  14.171828  13.828086 0.975745   1
   114      7 GLU    OE2       3.67800    3.29500    2.75800  19.363636  16.229385 0.838137   1
   115      7 GLU    C         3.52200    3.73600    3.02000   6.451548   7.047476 1.092370   1
   116      7 GLU    O         3.45800    3.67800    3.10800   7.096903   7.064968 0.995500   1
   117      8 LEU    N         3.61600    3.82400    3.06200   2.431568   3.414793 nan        0
   119      8 LEU    CA        3.64600    3.84200    3.20700   0.997003   1.090455 nan        0
   121      8 LEU    CB        3.76700    3.94100    3.22200   0.002997   0.109945 nan        0
   124      8 LEU    CG        3.79000    3.97400    3.37400   0.224775   0.029985 nan        0
   126      8 LEU    CD1       3.79800    3.84500    3.45300   0.768232   0.376312 nan        0
   130      8 LEU    CD2       3.90900    4.06400    3.39800   0.125874   0.043478 nan        0
   134      8 LEU    C         3.52000    3.91600    3.27200   1.223776   1.470765 nan        0
   135      8 LEU    O         3.46700    3.87100    3.37200   0.991009   1.797601 nan        0
   136      9 ALA    N         3.46700    4.02100    3.20800   1.356643   1.908546 nan        0
   138      9 ALA    CA        3.35400    4.09900    3.25800   1.864136   1.765617 nan        0
   140      9 ALA    CB        3.34000    4.22600    3.16900   2.689311   2.270365 nan        0
   144      9 ALA    C         3.22200    4.01600    3.26800   3.959041   4.635682 nan        0
   145      9 ALA    O         3.14700    4.03400    3.36700   4.307692   3.879060 0.900496   1
   146     10 ALA    N         3.20300    3.91600    3.18200   8.238761   8.039480 0.975812   1
   148     10 ALA    CA        3.10200    3.81900    3.20200  11.655345   9.930035 0.851973   1
   150     10 ALA    CB        3.10400    3.72300    3.08000  14.429570  12.405297 0.859714   1
   154     10 ALA    C         3.10700    3.74400    3.33500   9.520480   7.972514 0.837407   1
   155     10 ALA    O         3.02100    3.75500    3.42000   8.959041   6.774613 0.756176   1
   156     11 ALA    N         3.22200    3.68700    3.37100   6.110889   5.954523 0.974412   1
   158     11 ALA    CA        3.24200    3.62400    3.50300   5.332667   5.262869 0.986911   1
   160     11 ALA    CB        3.37200    3.54400    3.48700   4.747253   6.598701 1.390004   1
   164     11 ALA    C         3.25700    3.72800    3.62100   2.488511   3.484258 nan        0
   165     11 ALA    O         3.20200    3.69900    3.72600   1.240759   1.959520 nan        0
   166     12 MET    N         3.31200    3.84800    3.60600   1.194805   1.522239 nan        0
   168     12 MET    CA        3.30200    3.94900    3.71300   1.346653   1.067466 nan        0
   170     12 MET    CB        3.38900    4.06400    3.67400   1.409590   1.184908 nan        0
   173     12 MET    CG        3.53400    4.05500    3.71600   1.995005   1.930535 nan        0
   176     12 MET    SD        3.63600    4.19600    3.65800   1.551449   1.559720 nan        0
   177     12 MET    CE        3.79300    4.14500    3.72600   1.461538   1.578211 nan        0
   181     12 MET    C         3.15800    3.98900    3.75800   1.074925   1.205397 nan        0
   182     12 MET    O         3.12500    4.00300    3.87200   1.578422   1.776112 nan        0
   183     13 LYS    N         3.07200    4.01500    3.65700   2.637363   2.370315 nan        0
   185     13 LYS    CA        2.92600    4.03300    3.67100   6.430569   4.590205 0.713810   1
   187     13 LYS    CB        2.87700    4.05900    3.52200  10.165834   7.349825 0.722993   1
   190     13 LYS    CG        2.72600    4.10100    3.51300  14.570430  11.556722 0.793163   1
   193     13 LYS    CD        2.68500    4.14400    3.36900  17.453546  14.643678 0.839009   1
   196     13 LYS    CE        2.54600    4.19800    3.35300  21.903097  17.605697 0.803799   1
   199     13 LYS    NZ        2.51100    4.24300    3.22200  24.338661  18.445777 0.757880   1
   203     13 LYS    C         2.86100    3.90900    3.72900   7.942058   5.288356 0.665867   1
   204     13 LYS    O         2.78100    3.92000    3.82100  10.514486   7.322839 0.696452   1
   205     14 ARG    N         2.88100    3.78600    3.67600   7.353646   5.435782 0.739195   1
   207     14 ARG    CA        2.82000    3.65800    3.71600  11.215784   8.265367 0.736941   1
   209     14 ARG    CB        2.87300    3.54400    3.62300  12.411588   8.175412 0.658692   1
   212     14 ARG    CG        2.79700    3.41400    3.65700  16.622378  10.767116 0.647748   1
   215     14 ARG    CD        2.80100    3.30600    3.54600  19.282717  12.167916 0.631027   1
   218     14 ARG    NE        2.94300    3.26400    3.50300  18.506494  13.673663 0.738858   1
   220     14 ARG    CZ        3.02900    3.19300    3.57000  18.962038  14.931534 0.787444   1
   221     14 ARG    NH1       2.99200    3.13800    3.68100  20.161838  14.494753 0.718920   1
   224     14 ARG    NH2       3.14900    3.18000    3.53100  17.572428  14.755622 0.839703   1
   227     14 ARG    C         2.84300    3.62300    3.86700  11.582418   8.742129 0.754776   1
   228     14 ARG    O         2.76100    3.57100    3.93400  15.140859  10.510745 0.694197   1
   229     15 HIS    N         2.96400    3.65000    3.91500   7.521479   6.023988 0.800905   1
   231     15 HIS    CA        3.00800    3.62500    4.05400   8.576424   7.023988 0.818988   1
   233     15 HIS    CB        3.15800    3.59200    4.05500   5.977023   4.825587 0.807356   1
   236     15 HIS    CG        3.21500    3.47900    3.97600   7.177822   6.089455 0.848371   1
   237     15 HIS    ND1       3.34600    3.46100    3.92800   4.947053   4.335332 0.876346   1
   238     15 HIS    CE1       3.34700    3.33900    3.86700   6.882118   7.087456 1.029837   1
   240     15 HIS    NE2       3.22500    3.27500    3.88500  10.490509   9.528736 0.908320   1
   242     15 HIS    CD2       3.14700    3.36700    3.95700   9.830170   7.900050 0.803653   1
   244     15 HIS    C         2.97100    3.74500    4.14200   9.315684   8.047476 0.863863   1
   245     15 HIS    O         2.97800    3.72400    4.26000  10.015984   9.474263 0.945914   1
   246     16 GLY    N         2.91200    3.85400    4.09000  10.154845   7.820590 0.770134   1
   248     16 GLY    CA        2.85900    3.96000    4.17400  10.954046   9.068466 0.827864   1
   251     16 GLY    C         2.96000    4.06700    4.21800   8.902098   7.638681 0.858076   1
   252     16 GLY    O         2.94100    4.11100    4.33000   9.444555   7.877561 0.834085   1
   253     17 LEU    N         3.05800    4.09800    4.13600   4.903097   4.566217 0.931292   1
   255     17 LEU    CA        3.14300    4.22300    4.16100   2.664336   2.387306 nan        0
   257     17 LEU    CB        3.28700    4.19300    4.11800   1.191808   1.158921 nan        0
   260     17 LEU    CG        3.37600    4.10700    4.21500   1.823177   1.765117 nan        0
   262     17 LEU    CD1       3.51500    4.10200    4.14900   2.000000   2.000000 nan        0
   266     17 LEU    CD2       3.39300    4.16500    4.36000   1.134865   1.143428 nan        0
   270     17 LEU    C         3.08300    4.34300    4.08900   3.094905   2.977511 nan        0
   271     17 LEU    O         3.13300    4.45500    4.10600   2.331668   2.662169 nan        0
   272     18 ASP    N         2.97300    4.32800    4.01500   5.576424   5.821589 1.043965   1
   274     18 ASP    CA        2.89800    4.43600    3.95300   8.231768   8.365817 1.016284   1
   276     18 ASP    CB        2.81200    4.37400    3.84300   9.910090   9.910045 0.999995   1
   279     18 ASP    CG        2.70800    4.47300    3.78500  13.628372  13.162919 0.965847   1
   280     18 ASP    OD1       2.74900    4.58800    3.75800  12.412587  12.135432 0.977671   1
   281     18 ASP    OD2       2.58500    4.44800    3.78200  16.534466  14.726637 0.890663   1
   282     18 ASP    C         2.82600    4.51700    4.06200  10.543457  10.073963 0.955471   1
   283     18 ASP    O         2.73300    4.47000    4.12600  13.427572  11.688656 0.870497   1
   284     19 ASN    N         2.86600    4.64600    4.07400   9.465534   8.392804 0.886670   1
   286     19 ASN    CA        2.82800    4.74100    4.17800  11.238761   8.805097 0.783458   1
   288     19 ASN    CB        2.68200    4.79800    4.16100  16.333666  12.612194 0.772159   1
   291     19 ASN    CG        2.64800    4.85800    4.02400  17.943057  14.175912 0.790050   1
   292     19 ASN    OD1       2.70700    4.94900    3.97100  18.356643  13.786607 0.751042   1
   293     19 ASN    ND2       2.56300    4.80400    3.94100  21.432567  15.876562 0.740768   1
   296     19 ASN    C         2.86800    4.69900    4.32600  10.432567   8.439780 0.808984   1
   297     19 ASN    O         2.80800    4.75200    4.41900  12.973027   9.478761 0.730651   1
   298     20 TYR    N         2.96700    4.61400    4.34300   6.714286   6.320340 0.941327   1
   300     20 TYR    CA        3.00300    4.56000    4.47000   6.144855   5.667666 0.922343   1
   302     20 TYR    CB        3.07600    4.43100    4.44800   4.948052   5.019990 1.014539   1
   305     20 TYR    CG        3.10000    4.35900    4.58200   6.119880   5.468266 0.893525   1
   306     20 TYR    CD1       3.01200    4.26400    4.62600   9.853147   8.261869 0.838501   1
   308     20 TYR    CE1       3.02500    4.19200    4.74700  12.953047   9.865567 0.761641   1
   310     20 TYR    CZ        3.13200    4.22600    4.83200  11.518482   8.847576 0.768120   1
   311     20 TYR    OH        3.14400    4.17400    4.95600  14.327672   9.815092 0.685044   1
   313     20 TYR    CE2       3.22700    4.32000    4.78400   6.813187   5.168416 0.758590   1
   315     20 TYR    CD2       3.21900    4.37400    4.65600   4.363636   3.395302 0.778090   1
   317     20 TYR    C         3.09600    4.65100    4.55200   5.176823   4.403798 0.850676   1
   318     20 TYR    O         3.18800    4.71200    4.50400   2.322677   2.398301 nan        0
   319     21 ARG    N         3.05800    4.67400    4.68000   8.782218   6.391304 0.727755   1
   321     21 ARG    CA        3.09200    4.79400    4.76900  11.211788   8.228886 0.733949   1
   323     21 ARG    CB        3.22400    4.77600    4.85100  10.204795   7.061469 0.691976   1
   326     21 ARG    CG        3.21400    4.66300    4.95300   9.581419   7.047976 0.735588   1
   329     21 ARG    CD        3.12100    4.68500    5.06700  14.064935  10.022489 0.712587   1
   332     21 ARG    NE        3.17500    4.76400    5.17700  17.587413  12.836582 0.729873   1
   334     21 ARG    CZ        3.17700    4.72500    5.30600  20.155844  14.255872 0.707282   1
   335     21 ARG    NH1       3.24500    4.79600    5.38700  21.312687  14.406797 0.675973   1
   338     21 ARG    NH2       3.11000    4.62900    5.36200  21.460539  14.760620 0.687803   1
   341     21 ARG    C         3.07500    4.92100    4.68600  12.779221   7.897551 0.617999   1
   342     21 ARG    O         3.14500    5.02000    4.70200  12.709291   9.212394 0.724855   1
   343     22 GLY    N         2.97600    4.92500    4.59500  12.841159   8.621189 0.671372   1
   345     22 GLY    CA        2.94100    5.04000    4.50800  15.126873   9.864068 0.652089   1
   348     22 GLY    C         3.02500    5.05400    4.37700  12.670330   7.535732 0.594754   1
   349     22 GLY    O         2.98500    5.13400    4.28800  14.591409   9.029485 0.618822   1
   350     23 TYR    N         3.13500    4.98100    4.36500   7.386613   4.117941 0.557487   1
   352     23 TYR    CA        3.22800    4.98400    4.25000   5.806194   3.377311 0.581674   1
   354     23 TYR    CB        3.36400    4.93700    4.29600   3.197802   1.519240 nan        0
   357     23 TYR    CG        3.42300    5.02500    4.39700   5.772228   2.645177 0.458259   1
   358     23 TYR    CD1       3.48000    5.14400    4.35000   8.553447   4.842079 0.566097   1
   360     23 TYR    CE1       3.54700    5.22900    4.44300  11.486513   7.315842 0.636907   1
   362     23 TYR    CZ        3.53600    5.20500    4.58300  11.043956   6.698651 0.606544   1
   363     23 TYR    OH        3.56800    5.30500    4.67500  14.278721   9.418291 0.659603   1
   365     23 TYR    CE2       3.47000    5.08900    4.62900   8.589411   5.347826 0.622607   1
   367     23 TYR    CD2       3.41800    4.99900    4.53700   5.448551   3.382809 0.620864   1
   369     23 TYR    C         3.17800    4.90700    4.12300   5.714286   4.312844 0.754748   1
   370     23 TYR    O         3.14500    4.78900    4.13000   3.691309   3.023988 nan        0
   371     24 SER    N         3.17500    4.97700    4.01000   8.725275   7.516742 0.861491   1
   373     24 SER    CA        3.11900    4.93800    3.88700   9.764236   8.252874 0.845214   1
   375     24 SER    CB        3.10300    5.06800    3.80400  12.368631   9.793603 0.791810   1
   378     24 SER    OG        3.22400    5.08400    3.72700  11.794206   8.582709 0.727706   1
   380     24 SER    C         3.19200    4.83300    3.81100   6.750250   5.645177 0.836292   1
   381     24 SER    O         3.31000    4.80100    3.83500   4.509491   3.335332 0.739625   1
   382     25 LEU    N         3.12000    4.76900    3.72000   6.300699   5.871064 0.931812   1
   384     25 LEU    CA        3.18100    4.66700    3.64100   4.869131   4.432284 0.910282   1
   386     25 LEU    CB        3.07400    4.61400    3.53900   6.961039   6.571214 0.943999   1
   389     25 LEU    CG        3.12000    4.50300    3.44200   7.005994   6.322839 0.902490   1
   391     25 LEU    CD1       3.13400    4.36000    3.51600   3.749251   3.843078 nan        0
   395     25 LEU    CD2       3.00900    4.47800    3.34200   9.729271   7.774613 0.799095   1
   399     25 LEU    C         3.30600    4.71400    3.56500   3.967033   3.559220 nan        0
   400     25 LEU    O         3.40000    4.64200    3.54100   1.863137   1.770615 nan        0
   401     26 GLY    N         3.30600    4.83600    3.51800   4.852148   4.286857 0.883497   1
   403     26 GLY    CA        3.42400    4.89300    3.45300   2.209790   1.576712 nan        0
   406     26 GLY    C         3.54000    4.92400    3.54700   1.270729   0.920040 nan        0
   407     26 GLY    O         3.65500    4.93100    3.50400   0.631369   0.494253 nan        0
   408     27 ASN    N         3.51700    4.93300    3.67700   2.034965   1.498251 nan        0
   410     27 ASN    CA        3.62200    4.94700    3.77400   1.050949   0.504748 nan        0
   412     27 ASN    CB        3.57400    4.99500    3.91100   2.563437   2.272864 nan        0
   415     27 ASN    CG        3.54900    5.14100    3.91700   6.030969   4.861069 0.806018   1
   416     27 ASN    OD1       3.64000    5.22100    3.92700   7.037962   5.061469 0.719167   1
   417     27 ASN    ND2       3.42100    5.17900    3.91700   8.783217   7.313843 0.832707   1
   420     27 ASN    C         3.69400    4.81600    3.78400   0.029970   0.781109 nan        0
   421     27 ASN    O         3.81100    4.80900    3.76100   0.122877   0.000000 nan        0
   422     28 TRP    N         3.62600    4.70800    3.80500   1.000000   1.000000 nan        0
   424     28 TRP    CA        3.69700    4.58000    3.81800   1.000999   1.000500 nan        0
   426     28 TRP    CB        3.58700    4.47300    3.86500   1.067932   1.053473 nan        0
   429     28 TRP    CG        3.52000    4.50200    3.99400   1.005994   1.010995 nan        0
   430     28 TRP    CD1       3.40900    4.57400    4.01900   1.000000   1.004998 nan        0
   432     28 TRP    NE1       3.39300    4.59700    4.15300   1.000000   1.000000 nan        0
   434     28 TRP    CE2       3.50000    4.54300    4.22100   1.000000   1.000000 nan        0
   435     28 TRP    CZ2       3.53300    4.53400    4.36100   0.367632   0.987006 nan        0
   437     28 TRP    CH2       3.65800    4.48800    4.39700   0.001998   0.059470 nan        0
   439     28 TRP    CZ3       3.74000    4.43900    4.29900   0.618382   0.633683 nan        0
   441     28 TRP    CE3       3.71000    4.44400    4.16200   1.618382   1.425787 nan        0
   443     28 TRP    CD2       3.58800    4.49500    4.12100   1.027972   1.036482 nan        0
   444     28 TRP    C         3.77200    4.53400    3.69600   0.986014   0.990505 nan        0
   445     28 TRP    O         3.88100    4.47300    3.71100   0.232767   0.180410 nan        0
   446     29 VAL    N         3.72700    4.56500    3.57200   0.778222   0.958521 nan        0
   448     29 VAL    CA        3.79200    4.53600    3.44400   0.000000   0.000000 nan        0
   450     29 VAL    CB        3.69100    4.53800    3.32600   0.000000   0.000000 nan        0
   452     29 VAL    CG1       3.76300    4.50600    3.19500   0.004995   0.000000 nan        0
   456     29 VAL    CG2       3.57000    4.43800    3.34300   0.142857   0.127436 nan        0
   460     29 VAL    C         3.91200    4.63100    3.42700   0.000000   0.000000 nan        0
   461     29 VAL    O         4.02300    4.57600    3.39800   0.053946   0.002499 nan        0
   462     30 CYS    N         3.90300    4.76800    3.45700   0.197802   0.000000 nan        0
   464     30 CYS    CA        4.02200    4.84800    3.46900   1.529471   0.963018 nan        0
   466     30 CYS    CB        3.96900    4.98600    3.49900   2.422577   1.549725 nan        0
   469     30 CYS    SG        4.09700    5.11100    3.48100   3.790210   3.073963 nan        0
   470     30 CYS    C         4.12900    4.79200    3.57500   1.998002   1.199400 nan        0
   471     30 CYS    O         4.25100    4.80000    3.55700   2.003996   1.861069 nan        0
   472     31 ALA    N         4.08100    4.74600    3.69600   2.964036   2.296352 nan        0
   474     31 ALA    CA        4.17100    4.69000    3.79900   3.000000   3.000000 nan        0
   476     31 ALA    CB        4.08900    4.65100    3.92700   3.000000   3.000000 nan        0
   480     31 ALA    C         4.25100    4.58300    3.73600   3.000000   3.000000 nan        0
   481     31 ALA    O         4.37400    4.58800    3.74100   3.003996   3.000000 nan        0
   482     32 ALA    N         4.18500    4.48600    3.67800   3.000000   2.721639 nan        0
   484     32 ALA    CA        4.25000    4.36600    3.62900   2.006993   0.856572 nan        0
   486     32 ALA    CB        4.14900    4.27000    3.57700   0.270729   0.034483 nan        0
   490     32 ALA    C         4.34400    4.40800    3.51300   1.086913   0.571714 nan        0
   491     32 ALA    O         4.45700    4.35400    3.50900   0.943057   0.304348 nan        0
   492     33 LYS    N         4.30300    4.50100    3.42400   1.233766   0.729635 nan        0
   494     33 LYS    CA        4.38200    4.53900    3.30200   1.853147   1.070465 nan        0
   496     33 LYS    CB        4.31800    4.65700    3.21800   1.985015   1.550225 nan        0
   499     33 LYS    CG        4.39800    4.69200    3.09200   5.827173   4.535232 0.778290   1
   502     33 LYS    CD        4.40200    4.57100    2.99400   9.017982   7.315342 0.811195   1
   505     33 LYS    CE        4.50000    4.61500    2.89100  13.703297  10.518241 0.767570   1
   508     33 LYS    NZ        4.48500    4.53400    2.76600  17.334665  13.376812 0.771680   1
   512     33 LYS    C         4.52800    4.57100    3.33100   4.181818   2.501249 0.598125   1
   513     33 LYS    O         4.61100    4.51700    3.25200   5.450549   3.456272 0.634114   1
   514     34 PHE    N         4.56800    4.64000    3.43500   4.601399   2.817091 0.612225   1
   516     34 PHE    CA        4.70000    4.68300    3.46300   7.974026   5.872564 0.736462   1
   518     34 PHE    CB        4.69400    4.84100    3.47700   8.206793   6.094453 0.742611   1
   521     34 PHE    CG        4.60800    4.92500    3.38400   7.897103   5.484758 0.694528   1
   522     34 PHE    CD1       4.63300    4.90700    3.24700  10.964036   7.187906 0.655589   1
   524     34 PHE    CE1       4.56100    4.98000    3.14900  11.391608   7.572214 0.664719   1
   526     34 PHE    CZ        4.46900    5.07800    3.19000  10.761239   7.226887 0.671566   1
   528     34 PHE    CE2       4.44400    5.10100    3.32600   7.538462   5.868566 0.778483   1
   530     34 PHE    CD2       4.51300    5.02300    3.42400   5.398601   4.260870 0.789254   1
   532     34 PHE    C         4.78100    4.59700    3.57000  11.089910   8.238381 0.742872   1
   533     34 PHE    O         4.90100    4.58900    3.56700  14.697303  10.775112 0.733135   1
   534     35 GLU    N         4.70800    4.54100    3.66200   9.279720   7.089455 0.763973   1
   536     35 GLU    CA        4.75500    4.44100    3.76000  10.787213   7.887556 0.731195   1
   538     35 GLU    CB        4.63700    4.40700    3.84900   8.809191   5.407796 0.613881   1
   541     35 GLU    CG        4.59400    4.52000    3.94400   8.370629   6.701149 0.800555   1
   544     35 GLU    CD        4.69600    4.57200    4.04800  12.167832   9.195902 0.755755   1
   545     35 GLU    OE1       4.80500    4.51200    4.06600  14.007992  10.979010 0.783768   1
   546     35 GLU    OE2       4.66200    4.66600    4.12500  11.885115   8.544228 0.718902   1
   547     35 GLU    C         4.80100    4.31300    3.68500   8.316683   6.105947 0.734181   1
   548     35 GLU    O         4.92000    4.28200    3.68400  10.877123   8.557221 0.786717   1
   549     36 SER    N         4.71400    4.24500    3.61800   5.618382   3.518741 0.626291   1
   551     36 SER    CA        4.73000    4.11300    3.56000   4.767233   3.382809 0.709596   1
   553     36 SER    CB        4.61800    4.02300    3.60700   2.105894   1.328836 nan        0
   556     36 SER    OG        4.48900    4.05600    3.55700   0.555445   0.022989 nan        0
   558     36 SER    C         4.74600    4.10900    3.40500   7.351648   5.636182 0.766656   1
   559     36 SER    O         4.77800    4.00600    3.35000   7.892108   6.448776 0.817117   1
   560     37 ASN    N         4.69100    4.21600    3.33400   8.123876   5.698151 0.701408   1
   562     37 ASN    CA        4.67000    4.21100    3.18800   9.806194   6.881559 0.701756   1
   564     37 ASN    CB        4.80500    4.23000    3.11400  15.888112  11.077961 0.697248   1
   567     37 ASN    CG        4.78600    4.29200    2.97300  18.135864  13.818591 0.761948   1
   568     37 ASN    OD1       4.68400    4.35500    2.93800  17.216783  13.077961 0.759605   1
   569     37 ASN    ND2       4.87200    4.26000    2.87800  22.104895  15.238381 0.689367   1
   572     37 ASN    C         4.58600    4.08800    3.14700   7.981019   5.440780 0.681715   1
   573     37 ASN    O         4.60600    4.02600    3.04600   9.528472   6.989005 0.733487   1
   574     38 PHE    N         4.48700    4.06600    3.23100   3.375624   2.887556 nan        0
   576     38 PHE    CA        4.39300    3.95300    3.20700   2.775225   2.429785 nan        0
   578     38 PHE    CB        4.29600    3.98300    3.08900   3.886114   3.349325 nan        0
   581     38 PHE    CG        4.22900    4.12400    3.07200   4.058941   3.988006 0.982524   1
   582     38 PHE    CD1       4.19100    4.19700    3.18700   1.844156   2.132434 nan        0
   584     38 PHE    CE1       4.12500    4.32000    3.17700   0.929071   1.325837 nan        0
   586     38 PHE    CZ        4.09300    4.38100    3.05700   2.438561   3.028486 nan        0
   588     38 PHE    CE2       4.11800    4.30000    2.94000   5.757243   5.939530 1.031662   1
   590     38 PHE    CD2       4.18100    4.17600    2.94900   5.797203   6.065967 1.046361   1
   592     38 PHE    C         4.44400    3.81000    3.20500   2.817183   2.380810 nan        0
   593     38 PHE    O         4.36400    3.72400    3.17300   2.172827   2.025987 nan        0
   594     39 ASN    N         4.57000    3.78100    3.24100   3.848152   3.247876 nan        0
   596     39 ASN    CA        4.61500    3.64700    3.27700   4.418581   3.294853 0.745681   1
   598     39 ASN    CB        4.77100    3.63900    3.25800   8.470529   7.038981 0.830997   1
   601     39 ASN    CG        4.82700    3.49900    3.27200  10.282717   8.154923 0.793071   1
   602     39 ASN    OD1       4.75400    3.40300    3.26300   9.747253   8.267366 0.848174   1
   603     39 ASN    ND2       4.95400    3.48500    3.28400  14.400599  10.511744 0.729952   1
   606     39 ASN    C         4.58600    3.60200    3.42100   3.117882   2.112944 nan        0
   607     39 ASN    O         4.63600    3.65900    3.52200   2.112887   2.697151 nan        0
   608     40 THR    N         4.51400    3.48900    3.44000   3.139860   3.207896 nan        0
   610     40 THR    CA        4.49700    3.43000    3.56900   3.906094   3.942529 nan        0
   612     40 THR    CB        4.38800    3.31400    3.57400   4.058941   4.283358 1.055290   1
   614     40 THR    CG2       4.25200    3.34400    3.52100   3.106893   3.311344 nan        0
   618     40 THR    OG1       4.43700    3.19200    3.51700   6.387612   6.364318 0.996353   1
   620     40 THR    C         4.61900    3.37100    3.63200   3.962038   4.084958 nan        0
   621     40 THR    O         4.62400    3.35200    3.75200   3.036963   3.900050 nan        0
   622     41 GLN    N         4.71700    3.33400    3.54800   5.354645   4.377811 0.817573   1
   624     41 GLN    CA        4.85000    3.29300    3.60000   8.306693   6.003998 0.722790   1
   626     41 GLN    CB        4.91000    3.18700    3.50700  12.859141  10.758121 0.836613   1
   629     41 GLN    CG        4.81500    3.06100    3.50900  14.330669  11.860570 0.827635   1
   632     41 GLN    CD        4.89700    2.94100    3.47000  19.700300  15.504748 0.787031   1
   633     41 GLN    OE1       4.95500    2.87900    3.55700  21.593407  14.733133 0.682298   1
   634     41 GLN    NE2       4.91700    2.91500    3.34100  21.199800  16.933033 0.798736   1
   637     41 GLN    C         4.94300    3.40900    3.63800   9.140859   6.294353 0.688595   1
   638     41 GLN    O         5.05500    3.37500    3.66800  11.163836   7.889555 0.706706   1
   639     42 ALA    N         4.91400    3.53900    3.63500   7.744256   6.108946 0.788836   1
   641     42 ALA    CA        5.00400    3.65200    3.66600   9.040959   6.662169 0.736887   1
   643     42 ALA    CB        4.94100    3.78200    3.62700   7.888112   5.859570 0.742836   1
   647     42 ALA    C         5.05100    3.64400    3.80900   6.720280   5.048476 0.751230   1
   648     42 ALA    O         4.96800    3.64200    3.90600   3.444555   2.386307 nan        0
   649     43 THR    N         5.18500    3.65000    3.83800  10.283716   7.531734 0.732394   1
   651     43 THR    CA        5.24000    3.66400    3.97500   8.618382   6.040980 0.700941   1
   653     43 THR    CB        5.27600    3.53600    4.05300  10.278721   6.438281 0.626370   1
   655     43 THR    CG2       5.15100    3.45300    4.06700   8.081918   3.997501 0.494623   1
   659     43 THR    OG1       5.36300    3.45300    3.97700  14.982018   9.428786 0.629340   1
   661     43 THR    C         5.36500    3.75000    3.97300  11.626374   8.871564 0.763055   1
   662     43 THR    O         5.46000    3.73900    3.89500  15.239760  11.893553 0.780429   1
   663     44 ASN    N         5.37100    3.84800    4.06700  10.278721   8.273863 0.804951   1
   665     44 ASN    CA        5.48600    3.93800    4.07900  12.544456  11.080960 0.883335   1
   667     44 ASN    CB        5.44100    4.07500    4.02600  15.736264  12.992504 0.825641   1
   670     44 ASN    CG        5.40600    4.06400    3.87700  18.479520  15.072464 0.815631   1
   671     44 ASN    OD1       5.48800    4.07900    3.79100  21.695305  16.653673 0.767616   1
   672     44 ASN    ND2       5.27900    4.05200    3.83700  16.041958  12.515742 0.780188   1
   675     44 ASN    C         5.52800    3.93500    4.22500   9.751249   8.204898 0.841420   1
   676     44 ASN    O         5.44300    3.91800    4.31600   6.382617   4.901549 0.767953   1
   677     45 ARG    N         5.65700    3.95500    4.25100  12.245754   9.785607 0.799102   1
   679     45 ARG    CA        5.71900    3.94700    4.38200  12.233766   8.882559 0.726069   1
   681     45 ARG    CB        5.84800    3.85800    4.36800  15.215784  10.673163 0.701453   1
   684     45 ARG    CG        5.91400    3.82100    4.49900  14.411588  10.395302 0.721316   1
   687     45 ARG    CD        5.84500    3.70000    4.55800  11.607393   9.044978 0.779243   1
   690     45 ARG    NE        5.87300    3.69800    4.70600  10.771229   8.058471 0.748148   1
   692     45 ARG    CZ        5.93800    3.60200    4.77000  13.727273  10.164918 0.740491   1
   693     45 ARG    NH1       5.94000    3.58800    4.90000  13.953047   8.716142 0.624677   1
   696     45 ARG    NH2       6.01100    3.50900    4.70600  17.352647  12.536732 0.722468   1
   699     45 ARG    C         5.75600    4.08600    4.43100  12.065934   8.534733 0.707341   1
   700     45 ARG    O         5.81500    4.16700    4.35800  15.411588  10.979010 0.712387   1
   701     46 ASN    N         5.72400    4.11000    4.55900   9.052947   6.410295 0.708089   1
   703     46 ASN    CA        5.71700    4.24400    4.61200  10.533467   7.743128 0.735098   1
   705     46 ASN    CB        5.57600    4.26300    4.68700  10.547453   8.259870 0.783115   1
   708     46 ASN    CG        5.45000    4.24100    4.60300  12.318681   9.454273 0.767474   1
   709     46 ASN    OD1       5.42900    4.14600    4.52700   9.801199   7.171414 0.731687   1
   710     46 ASN    ND2       5.36300    4.34000    4.59100  16.832168  12.855072 0.763721   1
   713     46 ASN    C         5.83800    4.28600    4.69100  11.317682   7.875562 0.695864   1
   714     46 ASN    O         5.91600    4.20600    4.73800   9.169830   6.034983 0.658135   1
   715     47 THR    N         5.86300    4.42000    4.71400  14.776224   9.321839 0.630867   1
   717     47 THR    CA        5.98200    4.47500    4.77800  17.317682  10.458271 0.603907   1
   719     47 THR    CB        6.01400    4.61800    4.73500  21.651349  12.576212 0.580851   1
   721     47 THR    CG2       6.05400    4.61600    4.58600  22.502498  12.289855 0.546155   1
   725     47 THR    OG1       5.91800    4.70400    4.76200  21.128871  12.673163 0.599803   1
   727     47 THR    C         5.98700    4.46500    4.93200  16.788212  10.033983 0.597680   1
   728     47 THR    O         6.08700    4.49200    4.99400  18.715285  10.732634 0.573469   1
   729     48 ASP    N         5.87700    4.41600    4.98900  15.497502   9.170415 0.591735   1
   731     48 ASP    CA        5.85300    4.38400    5.13100  16.148851  10.005997 0.619610   1
   733     48 ASP    CB        5.71700    4.44400    5.17000  15.947053  10.048976 0.630146   1
   736     48 ASP    CG        5.60200    4.36200    5.11800  12.784216   8.139430 0.636678   1
   737     48 ASP    OD1       5.59700    4.32500    5.00000   9.424575   6.646677 0.705249   1
   738     48 ASP    OD2       5.51500    4.31500    5.19500  12.037962   7.207896 0.598764   1
   739     48 ASP    C         5.85800    4.23300    5.15300  14.966034   7.832084 0.523324   1
   740     48 ASP    O         5.82600    4.17800    5.26200  14.148851   7.303848 0.516215   1
   741     49 GLY    N         5.90200    4.15700    5.05700  11.323676   5.372314 0.474432   1
   743     49 GLY    CA        5.90500    4.01000    5.05500  11.693307   5.927536 0.506917   1
   746     49 GLY    C         5.77200    3.93900    5.02400   7.889111   3.465267 0.439247   1
   747     49 GLY    O         5.77400    3.81900    5.01700   8.263736   3.786107 0.458159   1
   748     50 SER    N         5.66500    4.00600    4.98900   5.735265   3.137931 0.547129   1
   750     50 SER    CA        5.54100    3.93600    4.94500   2.712288   2.343828 nan        0
   752     50 SER    CB        5.42300    4.01600    5.00300   3.104895   2.955022 nan        0
   755     50 SER    OG        5.41600    4.14800    4.94500   6.092907   4.898551 0.803976   1
   757     50 SER    C         5.52100    3.89900    4.79700   1.638362   1.127936 nan        0
   758     50 SER    O         5.60400    3.92600    4.71000   3.117882   1.649175 nan        0
   759     51 THR    N         5.40500    3.84600    4.76500   1.196803   1.054973 nan        0
   761     51 THR    CA        5.36400    3.80900    4.62400   1.995005   1.364318 nan        0
   763     51 THR    CB        5.39200    3.66100    4.59200   2.664336   2.350825 nan        0
   765     51 THR    CG2       5.38100    3.62900    4.44200   4.939061   3.679160 0.744911   1
   769     51 THR    OG1       5.52100    3.63300    4.62300   3.758242   3.215892 nan        0
   771     51 THR    C         5.21600    3.85700    4.60200   2.765235   2.208896 nan        0
   772     51 THR    O         5.12700    3.83800    4.68700   2.136863   1.479260 nan        0
   773     52 ASP    N         5.19400    3.90200    4.47800   2.406593   1.817091 nan        0
   775     52 ASP    CA        5.07100    3.93800    4.42200   4.871129   3.278361 0.673019   1
   777     52 ASP    CB        5.08800    4.07100    4.34500   6.618382   5.671164 0.856881   1
   780     52 ASP    CG        5.10500    4.19500    4.43100  10.571429   8.114943 0.767630   1
   781     52 ASP    OD1       5.08800    4.19400    4.55400  11.014985   8.627686 0.783268   1
   782     52 ASP    OD2       5.12900    4.30200    4.36700  14.791209  11.345827 0.767066   1
   783     52 ASP    C         5.01900    3.82000    4.33100   1.746254   0.782609 nan        0
   784     52 ASP    O         5.08400    3.78600    4.23600   1.812188   0.583708 nan        0
   785     53 TYR    N         4.89700    3.77300    4.35900   1.980020   1.977011 nan        0
   787     53 TYR    CA        4.84200    3.64700    4.30400   1.835165   1.626687 nan        0
   789     53 TYR    CB        4.81300    3.54800    4.42100   1.998002   1.999000 nan        0
   792     53 TYR    CG        4.93900    3.47600    4.46600   1.957043   1.338331 nan        0
   793     53 TYR    CD1       5.01500    3.51400    4.58100   1.586414   1.550725 nan        0
   795     53 TYR    CE1       5.13600    3.44100    4.62300   4.330669   2.836582 0.654998   1
   797     53 TYR    CZ        5.16100    3.32800    4.54700   6.271728   3.024488 0.482242   1
   798     53 TYR    OH        5.26400    3.24800    4.58000   8.743257   4.860070 0.555865   1
   800     53 TYR    CE2       5.09500    3.29800    4.42500   6.324675   2.667166 0.421708   1
   802     53 TYR    CD2       4.98500    3.36900    4.39000   3.583417   1.359820 nan        0
   804     53 TYR    C         4.71000    3.67100    4.22200   2.016983   2.022489 nan        0
   805     53 TYR    O         4.60500    3.71900    4.27200   2.253746   2.121439 nan        0
   806     54 GLY    N         4.71800    3.63100    4.09200   2.000000   2.002499 nan        0
   808     54 GLY    CA        4.60000    3.61500    4.00800   2.299700   3.427286 nan        0
   811     54 GLY    C         4.54400    3.73900    3.93600   2.015984   2.777611 nan        0
   812     54 GLY    O         4.61000    3.84100    3.92200   2.015984   2.000000 nan        0
   813     55 ILE    N         4.42300    3.72700    3.88500   3.360639   3.891554 nan        0
   815     55 ILE    CA        4.35500    3.82300    3.79100   2.894106   3.515242 nan        0
   817     55 ILE    CB        4.21800    3.76500    3.75800   3.964036   4.042479 nan        0
   819     55 ILE    CG2       4.11700    3.75800    3.87600   4.845155   4.795602 0.989773   1
   823     55 ILE    CG1       4.16100    3.83000    3.62800   2.173826   2.081959 nan        0
   826     55 ILE    CD        4.22800    3.78100    3.49600   1.036963   1.002499 nan        0
   830     55 ILE    C         4.34700    3.96600    3.85400   3.677323   3.003998 nan        0
   831     55 ILE    O         4.33800    4.06200    3.77700   2.648352   2.410295 nan        0
   832     56 LEU    N         4.34500    3.98700    3.98600   3.960040   3.842579 nan        0
   834     56 LEU    CA        4.33600    4.11600    4.05500   2.803197   3.023988 nan        0
   836     56 LEU    CB        4.19900    4.10900    4.13000   3.000000   3.003498 nan        0
   839     56 LEU    CG        4.07200    4.12500    4.04700   3.000000   3.000000 nan        0
   841     56 LEU    CD1       3.94900    4.14100    4.14300   2.990010   2.903548 nan        0
   845     56 LEU    CD2       4.07500    4.25700    3.96400   2.556444   2.056972 nan        0
   849     56 LEU    C         4.45100    4.14200    4.15300   3.175824   2.129935 nan        0
   850     56 LEU    O         4.44900    4.22000    4.24500   5.225774   4.127936 0.789919   1
   851     57 GLN    N         4.56200    4.06600    4.13800   3.388611   2.127436 nan        0
   853     57 GLN    CA        4.69300    4.07600    4.20400   5.086913   4.206397 0.826906   1
   855     57 GLN    CB        4.78100    4.18400    4.13500   6.965035   6.036482 0.866684   1
   858     57 GLN    CG        4.82900    4.13800    3.99900   5.460539   4.281859 0.784146   1
   861     57 GLN    CD        4.93500    4.02600    4.01000   5.509491   3.579210 0.649645   1
   862     57 GLN    OE1       5.05400    4.05500    4.03100   7.311688   5.853073 0.800509   1
   863     57 GLN    NE2       4.88800    3.90000    4.00000   3.491508   2.567716 nan        0
   866     57 GLN    C         4.68600    4.09200    4.35800   6.424575   4.855572 0.755781   1
   867     57 GLN    O         4.72500    4.19300    4.41300   8.102897   7.570715 0.934322   1
   868     58 ILE    N         4.63500    3.98900    4.42200   4.602398   3.857071 0.838057   1
   870     58 ILE    CA        4.59300    3.98500    4.56300   4.658342   3.944528 0.846767   1
   872     58 ILE    CB        4.46400    3.89500    4.57800   3.143856   2.856572 nan        0
   874     58 ILE    CG2       4.43700    3.86300    4.72200   2.950050   2.789105 nan        0
   878     58 ILE    CG1       4.34400    3.96400    4.51300   2.919081   2.259870 nan        0
   881     58 ILE    CD        4.22000    3.88100    4.50100   1.774226   1.812594 nan        0
   885     58 ILE    C         4.71100    3.94100    4.65900   3.834166   3.906547 nan        0
   886     58 ILE    O         4.77400    3.83900    4.63100   2.698302   3.205397 nan        0
   887     59 ASN    N         4.74400    4.02700    4.75600   6.076923   4.787106 0.787752   1
   889     59 ASN    CA        4.87200    4.02500    4.82500   6.909091   5.173913 0.748856   1
   891     59 ASN    CB        4.91400    4.16800    4.86000  10.170829   8.516242 0.837320   1
   894     59 ASN    CG        5.05900    4.17100    4.90900  10.378621   9.295352 0.895625   1
   895     59 ASN    OD1       5.08300    4.15900    5.02900   9.241758   8.919540 0.965135   1
   896     59 ASN    ND2       5.15600    4.17400    4.82200   8.925075   9.012494 1.009795   1
   899     59 ASN    C         4.89300    3.92800    4.94600   3.637363   2.569715 nan        0
   900     59 ASN    O         4.83500    3.95000    5.04800   3.012987   2.718641 nan        0
   901     60 SER    N         4.98500    3.83400    4.93200   2.436563   1.492754 nan        0
   903     60 SER    CA        5.00700    3.72300    5.02600   3.039960   2.750125 nan        0
   905     60 SER    CB        5.10700    3.62500    4.96500   3.955045   3.422789 nan        0
   908     60 SER    OG        5.23900    3.68500    4.96100   3.071928   3.027486 nan        0
   910     60 SER    C         5.05700    3.76100    5.16700   3.149850   2.989505 nan        0
   911     60 SER    O         5.08500    3.67200    5.24600   4.319680   3.705147 0.857736   1
   912     61 ARG    N         5.08700    3.88800    5.20000   4.392607   3.871564 0.881382   1
   914     61 ARG    CA        5.10600    3.94000    5.34000   5.256743   4.872064 0.926822   1
   916     61 ARG    CB        5.18400    4.07400    5.34000   6.281718   4.581209 0.729292   1
   919     61 ARG    CG        5.23900    4.10900    5.47900   8.673327   5.658171 0.652365   1
   922     61 ARG    CD        5.33500    4.22300    5.48700  12.700300   7.822089 0.615898   1
   925     61 ARG    NE        5.47000    4.18000    5.43900  13.533467   8.482259 0.626762   1
   927     61 ARG    CZ        5.54800    4.09200    5.50200  13.274725   7.831584 0.589962   1
   928     61 ARG    NH1       5.52300    4.03000    5.61600  12.893107   7.117441 0.552035   1
   931     61 ARG    NH2       5.66700    4.06000    5.45700  13.194805   7.035482 0.533201   1
   934     61 ARG    C         4.97800    3.93500    5.42100   4.837163   4.039980 0.835196   1
   935     61 ARG    O         4.99100    3.92700    5.54500   4.116883   4.253873 1.033275   1
   936     62 TRP    N         4.86500    3.92900    5.35500   4.223776   3.660170 0.866563   1
   938     62 TRP    CA        4.73500    3.95700    5.41200   2.904096   2.676662 nan        0
   940     62 TRP    CB        4.69100    4.10000    5.39300   6.159840   3.744628 0.607910   1
   943     62 TRP    CG        4.78200    4.20000    5.44900  10.131868   6.263868 0.618234   1
   944     62 TRP    CD1       4.86900    4.27900    5.37700  12.767233   8.592704 0.673028   1
   946     62 TRP    NE1       4.95200    4.33700    5.47000  16.647353  10.111944 0.607421   1
   948     62 TRP    CE2       4.90100    4.33100    5.59900  16.774226  10.339830 0.616412   1
   949     62 TRP    CZ2       4.94100    4.37700    5.72400  19.513487  11.227886 0.575391   1
   951     62 TRP    CH2       4.87300    4.33100    5.83600  19.908092  11.239380 0.564563   1
   953     62 TRP    CZ3       4.77200    4.23000    5.82900  16.695305   8.914543 0.533955   1
   955     62 TRP    CE3       4.72400    4.19800    5.70700  12.518482   6.410795 0.512106   1
   957     62 TRP    CD2       4.79500    4.23700    5.58500  12.486513   6.985007 0.559404   1
   958     62 TRP    C         4.62400    3.85600    5.36700   2.660340   1.637681 nan        0
   959     62 TRP    O         4.54100    3.81300    5.44700   1.766234   1.422289 nan        0
   960     63 TRP    N         4.62500    3.80900    5.23800   1.838162   1.396802 nan        0
   962     63 TRP    CA        4.49800    3.75900    5.17400   1.054945   1.014493 nan        0
   964     63 TRP    CB        4.46200    3.84500    5.05800   1.882118   1.629185 nan        0
   967     63 TRP    CG        4.45200    3.98600    5.10100   3.615385   2.720140 nan        0
   968     63 TRP    CD1       4.54600    4.08400    5.06900   5.928072   3.946027 0.665651   1
   970     63 TRP    NE1       4.50800    4.20100    5.13200   7.547453   5.351324 0.709024   1
   972     63 TRP    CE2       4.39300    4.18700    5.21000   6.588412   3.906547 0.592942   1
   973     63 TRP    CZ2       4.31800    4.26400    5.29700   8.381618   5.489755 0.654976   1
   975     63 TRP    CH2       4.20700    4.21700    5.36700   8.084915   4.991004 0.617323   1
   977     63 TRP    CZ3       4.16300    4.08500    5.33800   5.935065   3.130435 0.527447   1
   979     63 TRP    CE3       4.22700    4.00700    5.23800   2.867133   0.791104 nan        0
   981     63 TRP    CD2       4.35100    4.05300    5.18400   3.932068   2.401299 nan        0
   982     63 TRP    C         4.49500    3.61100    5.15400   1.419580   1.020490 nan        0
   983     63 TRP    O         4.40200    3.55100    5.20300   1.030969   0.986507 nan        0
   984     64 CYS    N         4.60200    3.54800    5.10800   1.986014   1.538231 nan        0
   986     64 CYS    CA        4.61800    3.40500    5.08700   2.652348   1.635182 nan        0
   988     64 CYS    CB        4.60700    3.35900    4.94300   1.021978   1.001499 nan        0
   991     64 CYS    SG        4.72600    3.42600    4.82700   1.009990   1.021989 nan        0
   992     64 CYS    C         4.74800    3.35300    5.14800   3.618382   3.344328 nan        0
   993     64 CYS    O         4.83400    3.43200    5.18100   4.406593   3.466267 0.786609   1
   994     65 ASN    N         4.75500    3.22200    5.16700   7.291708   5.632184 0.772409   1
   996     65 ASN    CA        4.87700    3.16500    5.21900   9.142857   7.319840 0.800608   1
   998     65 ASN    CB        4.84900    3.04900    5.31100  13.628372  10.781609 0.791115   1
  1001     65 ASN    CG        4.97200    2.98600    5.38100  17.402597  13.586707 0.780729   1
  1002     65 ASN    OD1       5.06800    3.03900    5.42200  17.340659  13.467766 0.776658   1
  1003     65 ASN    ND2       4.97500    2.85300    5.37800  20.202797  13.236882 0.655200   1
  1006     65 ASN    C         4.97100    3.12700    5.10600   8.734266   6.287356 0.719849   1
  1007     65 ASN    O         4.94900    3.02600    5.03600   8.929071   5.603698 0.627579   1
  1008     66 ASP    N         5.08900    3.18600    5.09700   7.645355   6.077461 0.794922   1
  1010     66 ASP    CA        5.19600    3.13900    4.99900   9.000999   6.217891 0.690800   1
  1012     66 ASP    CB        5.26400    3.25900    4.92200   8.201798   6.163418 0.751472   1
  1015     66 ASP    CG        5.34200    3.35700    5.01700   5.119880   4.611194 0.900645   1
  1016     66 ASP    OD1       5.35100    3.33500    5.14400   5.407592   5.700150 1.054101   1
  1017     66 ASP    OD2       5.38100    3.46700    4.97100   3.794206   2.861569 nan        0
  1018     66 ASP    C         5.29900    3.04800    5.06200  12.641359   8.814593 0.697282   1
  1019     66 ASP    O         5.38900    3.00500    4.99500  14.959041   9.447276 0.631543   1
  1020     67 GLY    N         5.28900    3.02200    5.19400  14.682318  10.757621 0.732692   1
  1022     67 GLY    CA        5.38800    2.94100    5.26900  17.530470  13.008496 0.742051   1
  1025     67 GLY    C         5.53200    2.99900    5.27100  18.221778  12.933533 0.709784   1
  1026     67 GLY    O         5.62000    2.92300    5.30600  20.288711  13.532234 0.666983   1
  1027     68 ARG    N         5.56000    3.12400    5.22600  15.154845  10.814593 0.713606   1
  1029     68 ARG    CA        5.69700    3.17600    5.20500  16.133866  11.987506 0.743003   1
  1031     68 ARG    CB        5.74500    3.16200    5.06100  15.442557  11.090455 0.718175   1
  1034     68 ARG    CG        5.67100    3.24700    4.96200  11.659341   8.561719 0.734323   1
  1037     68 ARG    CD        5.72400    3.23100    4.81800  14.813187  11.288356 0.762048   1
  1040     68 ARG    NE        5.68600    3.34000    4.72600  13.348651   9.784608 0.733003   1
  1042     68 ARG    CZ        5.73000    3.34600    4.59700  15.202797  11.641679 0.765759   1
  1043     68 ARG    NH1       5.82800    3.26900    4.54800  19.818182  14.260370 0.719560   1
  1046     68 ARG    NH2       5.68300    3.43800    4.51200  12.796204   9.934033 0.776327   1
  1049     68 ARG    C         5.72400    3.31800    5.25700  13.775225   9.492254 0.689082   1
  1050     68 ARG    O         5.83600    3.34800    5.29300  14.779221   9.549225 0.646125   1
  1051     69 THR    N         5.61700    3.39900    5.26900   9.478521   6.381809 0.673292   1
  1053     69 THR    CA        5.62400    3.52700    5.34000   9.323676   5.822589 0.624495   1
  1055     69 THR    CB        5.53400    3.63100    5.27300   6.151848   3.984008 0.647612   1
  1057     69 THR    CG2       5.58400    3.77500    5.30600   4.978022   3.754623 0.754240   1
  1061     69 THR    OG1       5.53300    3.63900    5.13600   3.832168   2.766117 nan        0
  1063     69 THR    C         5.59800    3.51700    5.48800  11.096903   8.088456 0.728893   1
  1064     69 THR    O         5.48700    3.46900    5.51400  10.896104   7.774613 0.713522   1
  1065     70 PRO    N         5.68400    3.56000    5.57800  14.269730   8.448276 0.592042   1
  1066     70 PRO    CD        5.81700    3.60300    5.55200  15.891109   8.582209 0.540064   1
  1069     70 PRO    CG        5.89900    3.58000    5.67900  20.044955  11.306847 0.564074   1
  1072     70 PRO    CB        5.80100    3.51000    5.77400  20.340659  11.521739 0.566439   1
  1075     70 PRO    CA        5.66400    3.54500    5.72100  16.394605   9.989505 0.609317   1
  1077     70 PRO    C         5.59800    3.66400    5.79200  15.223776  10.191404 0.669440   1
  1078     70 PRO    O         5.59600    3.77700    5.73800  12.155844   7.912044 0.650884   1
  1079     71 GLY    N         5.53400    3.62900    5.90700  18.343656  12.584208 0.686025   1
  1081     71 GLY    CA        5.45600    3.71800    5.98800  19.497502  13.510245 0.692922   1
  1084     71 GLY    C         5.32600    3.75900    5.92300  17.764236  12.854073 0.723593   1
  1085     71 GLY    O         5.26200    3.85200    5.97700  18.148851  12.421789 0.684439   1
  1086     72 SER    N         5.28600    3.70700    5.80300  16.047952  12.283858 0.765447   1
  1088     72 SER    CA        5.16900    3.74400    5.72600  11.991009   9.819090 0.818871   1
  1090     72 SER    CB        5.19300    3.67600    5.59200   9.608392   8.144428 0.847637   1
  1093     72 SER    OG        5.31700    3.71100    5.53200   7.987013   6.782609 0.849205   1
  1095     72 SER    C         5.03700    3.68900    5.78700  13.966034  12.169415 0.871358   1
  1096     72 SER    O         5.03200    3.60700    5.88200  17.072927  14.153923 0.829027   1
  1097     73 ARG    N         4.92300    3.72100    5.72000  11.453546   9.247376 0.807381   1
  1099     73 ARG    CA        4.78800    3.66800    5.74100   9.943057   8.155422 0.820213   1
  1101     73 ARG    CB        4.69000    3.77300    5.79000   9.859141   7.560720 0.766874   1
  1104     73 ARG    CG        4.71800    3.86000    5.91600  12.442557   8.603698 0.691473   1
  1107     73 ARG    CD        4.71100    3.77800    6.04400  17.393606  12.504748 0.718928   1
  1110     73 ARG    NE        4.57100    3.75700    6.07400  18.827173  12.910545 0.685740   1
  1112     73 ARG    CZ        4.49100    3.83500    6.14500  20.652348  13.964518 0.676171   1
  1113     73 ARG    NH1       4.52000    3.95200    6.18100  21.517483  13.927036 0.647243   1
  1116     73 ARG    NH2       4.37000    3.79200    6.16200  21.210789  14.467266 0.682071   1
  1119     73 ARG    C         4.74400    3.59600    5.61200   7.873127   7.242379 0.919886   1
  1120     73 ARG    O         4.78400    3.63700    5.50600   6.116883   4.980010 0.814142   1
  1121     74 ASN    N         4.64300    3.50600    5.62000   9.349650   7.846577 0.839237   1
  1123     74 ASN    CA        4.56800    3.43300    5.51600   8.171828   6.836082 0.836543   1
  1125     74 ASN    CB        4.60800    3.29000    5.53200  11.012987   9.216892 0.836911   1
  1128     74 ASN    CG        4.53400    3.19900    5.44300  10.892108   8.506747 0.781001   1
  1129     74 ASN    OD1       4.49200    3.23600    5.33600   6.840160   5.028486 0.735142   1
  1130     74 ASN    ND2       4.52700    3.07200    5.48200  13.674326   9.928036 0.726035   1
  1133     74 ASN    C         4.41400    3.46400    5.52700   8.160839   5.698651 0.698292   1
  1134     74 ASN    O         4.33700    3.37900    5.56100   9.608392   7.147926 0.743925   1
  1135     75 LEU    N         4.38100    3.59200    5.52200   5.360639   3.892554 0.726136   1
  1137     75 LEU    CA        4.25400    3.64200    5.56500   7.740260   5.568216 0.719384   1
  1139     75 LEU    CB        4.25200    3.79400    5.58100   8.170829   5.164418 0.632056   1
  1142     75 LEU    CG        4.34400    3.84800    5.68600  10.251748   6.226387 0.607349   1
  1144     75 LEU    CD1       4.35100    4.00500    5.66300   9.274725   5.517241 0.594868   1
  1148     75 LEU    CD2       4.30400    3.81100    5.82700  13.985015   9.532734 0.681639   1
  1152     75 LEU    C         4.12700    3.58300    5.48100   8.589411   5.455772 0.635174   1
  1153     75 LEU    O         4.02300    3.57000    5.54100  11.415584   8.201399 0.718439   1
  1154     76 CYS    N         4.14400    3.55700    5.35400   5.420579   3.481259 0.642230   1
  1156     76 CYS    CA        4.05200    3.48300    5.26300   6.889111   3.786607 0.549651   1
  1158     76 CYS    CB        4.08700    3.51400    5.12400   4.321678   1.920040 0.444281   1
  1161     76 CYS    SG        4.08000    3.68400    5.07800   2.342657   0.934033 nan        0
  1162     76 CYS    C         4.05900    3.32600    5.29100   9.876124   5.233883 0.529953   1
  1163     76 CYS    O         3.96600    3.25400    5.24800  12.630370   6.240880 0.494117   1
  1164     77 ASN    N         4.15300    3.28100    5.36900   9.314685   6.286857 0.674940   1
  1166     77 ASN    CA        4.17000    3.13900    5.40700  12.939061   8.447276 0.652851   1
  1168     77 ASN    CB        4.06700    3.10900    5.51800  17.974026  12.392804 0.689484   1
  1171     77 ASN    CG        4.10000    2.98200    5.58800  21.022977  15.235382 0.724701   1
  1172     77 ASN    OD1       4.03000    2.88200    5.57500  23.129870  15.432284 0.667201   1
  1173     77 ASN    ND2       4.19200    2.97100    5.67700  21.381618  15.552224 0.727364   1
  1176     77 ASN    C         4.17500    3.04000    5.29600  12.094905   7.491254 0.619373   1
  1177     77 ASN    O         4.10100    2.94000    5.28200  15.246753   8.583708 0.562986   1
  1178     78 ILE    N         4.27000    3.06400    5.21300   7.803197   4.736632 0.607012   1
  1180     78 ILE    CA        4.27800    3.00100    5.07600   7.700300   3.999000 0.519331   1
  1182     78 ILE    CB        4.21000    3.09100    4.97200   7.643357   2.769115 0.362290   1
  1184     78 ILE    CG2       4.29000    3.22100    4.95700   2.962038   0.997501 nan        0
  1188     78 ILE    CG1       4.19000    3.03600    4.82800   9.466533   1.445777 0.152725   1
  1191     78 ILE    CD        4.07700    2.92600    4.81600  13.832168   2.683158 0.193980   1
  1195     78 ILE    C         4.43000    2.98400    5.04500   5.674326   3.498751 0.616593   1
  1196     78 ILE    O         4.50900    3.07000    5.08100   3.789211   2.981009 nan        0
  1197     79 PRO    N         4.47300    2.87300    4.97700   9.923077   4.419790 0.445405   1
  1198     79 PRO    CD        4.39100    2.75800    4.94900  13.833167   4.409295 0.318748   1
  1201     79 PRO    CG        4.47700    2.65900    4.87400  16.596404   5.189405 0.312683   1
  1204     79 PRO    CB        4.62800    2.71300    4.86900  14.493506   5.800600 0.400221   1
  1207     79 PRO    CA        4.60800    2.85800    4.91500   9.850150   4.741129 0.481326   1
  1209     79 PRO    C         4.62500    2.95700    4.80700   4.901099   2.338831 0.477205   1
  1210     79 PRO    O         4.53300    2.96500    4.71700   2.818182   0.954023 nan        0
  1211     80 CYS    N         4.74000    3.02600    4.79300   4.196803   2.491254 0.593608   1
  1213     80 CYS    CA        4.76500    3.12800    4.68900   3.478521   1.789605 nan        0
  1215     80 CYS    CB        4.90000    3.19300    4.72900   4.721279   3.277361 0.694168   1
  1218     80 CYS    SG        4.89700    3.33200    4.84600   3.975025   2.797601 nan        0
  1219     80 CYS    C         4.77900    3.06100    4.55300   4.437562   2.070965 0.466690   1
  1220     80 CYS    O         4.75900    3.12600    4.45200   3.249750   1.383308 nan        0
  1221     81 SER    N         4.79900    2.92500    4.53700   9.280719   3.983508 0.429224   1
  1223     81 SER    CA        4.78400    2.85500    4.41200  12.419580   4.072464 0.327907   1
  1225     81 SER    CB        4.84100    2.71400    4.42700  17.093906   5.912544 0.345886   1
  1228     81 SER    OG        4.77400    2.64200    4.52500  18.177822   6.015992 0.330952   1
  1230     81 SER    C         4.63800    2.84500    4.37000  11.350649   2.588206 0.228023   1
  1231     81 SER    O         4.61400    2.85300    4.25000  11.297702   2.202899 0.194986   1
  1232     82 ALA    N         4.54000    2.84600    4.46000   9.765235   1.663168 0.170315   1
  1234     82 ALA    CA        4.40200    2.83700    4.41300   9.890110   3.228886 0.326476   1
  1236     82 ALA    CB        4.31000    2.79700    4.53300  10.431568   2.456772 0.235513   1
  1240     82 ALA    C         4.36800    2.97300    4.34600   8.833167   4.274363 0.483899   1
  1241     82 ALA    O         4.28400    2.97800    4.26300  10.119880   5.311344 0.524843   1
  1242     83 LEU    N         4.44100    3.08900    4.37400   4.934066   3.614693 0.732599   1
  1244     83 LEU    CA        4.41800    3.21800    4.30400   5.717283   4.689155 0.820172   1
  1246     83 LEU    CB        4.46500    3.33800    4.38000   3.229770   4.039480 nan        0
  1249     83 LEU    CG        4.42500    3.34700    4.52900   3.048951   2.363318 nan        0
  1251     83 LEU    CD1       4.44900    3.48900    4.58000   2.123876   2.935532 nan        0
  1255     83 LEU    CD2       4.27900    3.31300    4.56900   3.669331   2.139430 nan        0
  1259     83 LEU    C         4.46800    3.22000    4.16400   5.358641   4.617191 0.861635   1
  1260     83 LEU    O         4.45800    3.32400    4.09300   4.119880   4.312844 1.046837   1
  1261     84 LEU    N         4.52600    3.11400    4.11500   6.303696   4.543728 0.720804   1
  1263     84 LEU    CA        4.59200    3.10900    3.98000   7.461538   4.998501 0.669902   1
  1265     84 LEU    CB        4.74000    3.07400    3.99800   8.582418   4.479260 0.521911   1
  1268     84 LEU    CG        4.82800    3.17800    4.07700   6.467532   2.189405 0.338523   1
  1270     84 LEU    CD1       4.97300    3.13000    4.05800   9.827173   3.475762 0.353689   1
  1274     84 LEU    CD2       4.81500    3.32300    4.03300   3.070929   1.629685 nan        0
  1278     84 LEU    C         4.51200    3.01500    3.88600  10.201798   6.793603 0.665922   1
  1279     84 LEU    O         4.56600    2.98100    3.78300  10.192807   7.053973 0.692054   1
  1280     85 SER    N         4.39300    2.97000    3.92100  12.827173   8.512244 0.663610   1
  1282     85 SER    CA        4.31600    2.87200    3.84500  15.048951   9.204398 0.611631   1
  1284     85 SER    CB        4.20100    2.81700    3.93200  16.345654  10.207896 0.624502   1
  1287     85 SER    OG        4.13100    2.72400    3.85900  18.454545  11.586207 0.627824   1
  1289     85 SER    C         4.26700    2.93300    3.71400  12.832168   9.033983 0.704011   1
  1290     85 SER    O         4.25100    3.05700    3.70100   8.218781   7.727136 0.940180   1
  1291     86 SER    N         4.22100    2.85700    3.61300  13.757243  11.037481 0.802303   1
  1293     86 SER    CA        4.14500    2.90100    3.49900  12.473526  10.983008 0.880505   1
  1295     86 SER    CB        4.12500    2.78100    3.40300  16.497502  13.752124 0.833588   1
  1298     86 SER    OG        4.05900    2.67500    3.46000  20.218781  14.760620 0.730045   1
  1300     86 SER    C         4.01100    2.96100    3.53400  12.067932  11.087956 0.918795   1
  1301     86 SER    O         3.96400    3.03700    3.45300  10.307692  10.005497 0.970683   1
  1302     87 ASP    N         3.95400    2.93500    3.64700  13.398601  11.788106 0.879801   1
  1304     87 ASP    CA        3.84200    3.00800    3.69800  14.029970  11.824088 0.842774   1
  1306     87 ASP    CB        3.74500    2.89400    3.74500  17.066933  13.917041 0.815439   1
  1309     87 ASP    CG        3.60800    2.95200    3.78600  17.439560  14.349325 0.822803   1
  1310     87 ASP    OD1       3.53300    2.99800    3.70000  16.209790  13.447776 0.829608   1
  1311     87 ASP    OD2       3.58000    2.96300    3.90500  17.127872  12.860070 0.750827   1
  1312     87 ASP    C         3.86800    3.11600    3.80700  10.143856   9.563718 0.942809   1
  1313     87 ASP    O         3.95000    3.10300    3.90400   8.824176   7.722139 0.875112   1
  1314     88 ILE    N         3.80100    3.23000    3.79900   8.316683   8.421289 1.012578   1
  1316     88 ILE    CA        3.82900    3.34500    3.88700   6.264735   6.423788 1.025389   1
  1318     88 ILE    CB        3.80700    3.47900    3.81800   5.857143   5.852574 0.999220   1
  1320     88 ILE    CG2       3.89200    3.48800    3.68500   5.171828   5.262869 1.017603   1
  1324     88 ILE    CG1       3.66100    3.50700    3.79700   3.689311   3.569215 nan        0
  1327     88 ILE    CD        3.62600    3.65200    3.76100   2.277722   2.306347 nan        0
  1331     88 ILE    C         3.75600    3.34000    4.03000   6.413586   6.203398 0.967228   1
  1332     88 ILE    O         3.78200    3.42900    4.11000   5.474525   5.546727 1.013189   1
  1333     89 THR    N         3.66900    3.24600    4.05500   9.204795   7.697151 0.836211   1
  1335     89 THR    CA        3.57600    3.24800    4.16900  10.046953   7.467766 0.743287   1
  1337     89 THR    CB        3.51300    3.11700    4.18400  13.989011   9.350825 0.668441   1
  1339     89 THR    CG2       3.40900    3.11300    4.29900  16.587413  10.104448 0.609164   1
  1343     89 THR    OG1       3.43600    3.08100    4.06700  15.048951  11.025487 0.732642   1
  1345     89 THR    C         3.65200    3.27100    4.30200   9.736264   5.092454 0.523040   1
  1346     89 THR    O         3.61500    3.35700    4.37900   8.630370   4.393303 0.509052   1
  1347     90 ALA    N         3.77400    3.20500    4.32300  10.135864   4.760120 0.469631   1
  1349     90 ALA    CA        3.84400    3.22100    4.45200   9.135864   3.552724 0.388877   1
  1351     90 ALA    CB        3.96500    3.12700    4.44500   9.836164   4.435782 0.450967   1
  1355     90 ALA    C         3.89400    3.36600    4.47900   5.884116   2.503248 0.425425   1
  1356     90 ALA    O         3.87300    3.42400    4.58000   5.268731   2.219890 0.421333   1
  1357     91 SER    N         3.94800    3.42900    4.37300   6.945055   5.036982 0.725262   1
  1359     91 SER    CA        3.99500    3.56900    4.36200   5.803197   5.419790 0.933932   1
  1361     91 SER    CB        4.07100    3.59300    4.23400   5.812188   5.579710 0.960002   1
  1364     91 SER    OG        4.18100    3.50500    4.21900   5.696304   5.678161 0.996815   1
  1366     91 SER    C         3.87500    3.65500    4.38200   3.728272   2.997501 nan        0
  1367     91 SER    O         3.88400    3.76100    4.45400   2.858142   2.576712 nan        0
  1368     92 VAL    N         3.75300    3.62500    4.33500   2.444555   2.059470 nan        0
  1370     92 VAL    CA        3.62400    3.69900    4.35500   1.680320   1.811094 nan        0
  1372     92 VAL    CB        3.50400    3.64800    4.26500   2.177822   2.310845 nan        0
  1374     92 VAL    CG1       3.37200    3.70900    4.31600   2.821179   2.782609 nan        0
  1378     92 VAL    CG2       3.53600    3.69200    4.12200   1.589411   1.423788 nan        0
  1382     92 VAL    C         3.58700    3.69700    4.50400   3.026973   2.288356 nan        0
  1383     92 VAL    O         3.58100    3.80600    4.56200   2.399600   2.309845 nan        0
  1384     93 ASN    N         3.56600    3.57600    4.56000   6.144855   2.863068 0.465929   1
  1386     93 ASN    CA        3.52300    3.56800    4.69700   9.556444   5.009495 0.524201   1
  1388     93 ASN    CB        3.51500    3.41800    4.73700  13.898102   6.556722 0.471771   1
  1391     93 ASN    CG        3.37900    3.36500    4.70000  16.131868   8.681659 0.538168   1
  1392     93 ASN    OD1       3.34700    3.32400    4.59200  14.592408   8.107946 0.555628   1
  1393     93 ASN    ND2       3.28400    3.35700    4.79400  17.416583  11.001000 0.631639   1
  1396     93 ASN    C         3.62900    3.63900    4.79500   6.919081   4.015992 0.580423   1
  1397     93 ASN    O         3.58500    3.68000    4.90500   8.094905   5.350325 0.660950   1
  1398     94 CYS    N         3.75600    3.65300    4.74500   4.516484   1.883058 0.416930   1
  1400     94 CYS    CA        3.85900    3.71600    4.82600   3.223776   1.361819 nan        0
  1402     94 CYS    CB        3.98300    3.64800    4.79300   2.176823   0.595202 nan        0
  1405     94 CYS    SG        4.13500    3.69000    4.88300   2.362637   0.330835 nan        0
  1406     94 CYS    C         3.87100    3.86900    4.80300   2.091908   0.808096 nan        0
  1407     94 CYS    O         3.88300    3.94400    4.89700   1.065934   0.726137 nan        0
  1408     95 ALA    N         3.85000    3.91700    4.68200   0.506494   0.435282 nan        0
  1410     95 ALA    CA        3.83000    4.05300    4.64900   0.042957   0.371314 nan        0
  1412     95 ALA    CB        3.81900    4.05700    4.49400   0.918082   0.995502 nan        0
  1416     95 ALA    C         3.71400    4.11600    4.72100   0.043956   0.038981 nan        0
  1417     95 ALA    O         3.72200    4.23400    4.75600   0.000999   0.001499 nan        0
  1418     96 LYS    N         3.61100    4.03900    4.74900   1.447552   0.905047 nan        0
  1420     96 LYS    CA        3.48900    4.08300    4.81600   3.715285   2.125437 nan        0
  1422     96 LYS    CB        3.38000    3.97600    4.79500   6.655345   4.970515 0.746846   1
  1425     96 LYS    CG        3.31300    3.99300    4.65300   6.257742   4.164418 0.665482   1
  1428     96 LYS    CD        3.19900    3.88400    4.65000  10.147852   7.321339 0.721467   1
  1431     96 LYS    CE        3.11000    3.89400    4.52200  10.268731   8.020490 0.781059   1
  1434     96 LYS    NZ        2.98300    3.82400    4.53700  14.914086  11.100450 0.744293   1
  1438     96 LYS    C         3.50600    4.11700    4.96100   6.136863   3.548226 0.578182   1
  1439     96 LYS    O         3.41900    4.19200    5.00800   8.373626   4.810095 0.574434   1
  1440     97 LYS    N         3.60100    4.05500    5.04000   6.328671   4.669665 0.737859   1
  1442     97 LYS    CA        3.66100    4.09300    5.16900   7.750250   5.716642 0.737607   1
  1444     97 LYS    CB        3.74600    3.97500    5.23200   9.080919   6.317841 0.695727   1
  1447     97 LYS    CG        3.66100    3.85000    5.26100  13.470529   9.643678 0.715909   1
  1450     97 LYS    CD        3.74400    3.74200    5.33500  14.363636  10.137431 0.705771   1
  1453     97 LYS    CE        3.66200    3.63300    5.41300  18.020979  13.123938 0.728259   1
  1456     97 LYS    NZ        3.59700    3.67800    5.54200  22.244755  15.497751 0.696692   1
  1460     97 LYS    C         3.75200    4.20900    5.14800   5.378621   3.353323 0.623454   1
  1461     97 LYS    O         3.73900    4.30300    5.22800   7.314685   4.681159 0.639967   1
  1462     98 ILE    N         3.84500    4.20700    5.05100   2.077922   1.188906 nan        0
  1464     98 ILE    CA        3.95200    4.30800    5.03900   2.651349   1.822589 nan        0
  1466     98 ILE    CB        4.04400    4.27900    4.91800   2.649351   0.630685 nan        0
  1468     98 ILE    CG2       4.14100    4.39000    4.87600   4.900100   2.863568 0.584390   1
  1472     98 ILE    CG1       4.13100    4.14700    4.95200   1.776224   0.846077 nan        0
  1475     98 ILE    CD        4.18400    4.08700    4.82100   1.570430   0.853573 nan        0
  1479     98 ILE    C         3.89500    4.44700    5.02300   3.571429   1.855072 nan        0
  1480     98 ILE    O         3.92300    4.54400    5.09600   5.218781   2.915042 0.558568   1
  1481     99 VAL    N         3.79500    4.46200    4.92900   2.112887   1.045977 nan        0
  1483     99 VAL    CA        3.73900    4.59300    4.89500   2.198801   1.933533 nan        0
  1485     99 VAL    CB        3.65400    4.58200    4.76700   1.967033   1.044478 nan        0
  1487     99 VAL    CG1       3.52700    4.49400    4.76300   0.219780   0.053973 nan        0
  1491     99 VAL    CG2       3.61300    4.71600    4.70900   2.845155   1.261869 nan        0
  1495     99 VAL    C         3.65200    4.64200    5.01000   4.180819   2.394803 0.572807   1
  1496     99 VAL    O         3.62700    4.76500    5.01500   6.275724   4.230885 0.674167   1
  1497    100 SER    N         3.59800    4.55400    5.09300   6.931069   3.883058 0.560239   1
  1499    100 SER    CA        3.52300    4.58800    5.21900  11.300699   7.368316 0.652023   1
  1501    100 SER    CB        3.42800    4.47300    5.25900  12.676324   8.680160 0.684754   1
  1504    100 SER    OG        3.34300    4.43700    5.15000  11.408591   7.329835 0.642484   1
  1506    100 SER    C         3.61000    4.62100    5.34000  13.634366   9.301349 0.682199   1
  1507    100 SER    O         3.56100    4.65800    5.44900  16.969031  12.213393 0.719746   1
  1508    101 ASP    N         3.74200    4.62800    5.33200  11.650350   8.149925 0.699543   1
  1510    101 ASP    CA        3.83500    4.64000    5.44700  15.922078  11.188906 0.702729   1
  1512    101 ASP    CB        3.97000    4.57500    5.40700  14.610390  10.269365 0.702881   1
  1515    101 ASP    CG        4.07000    4.57700    5.51800  18.602398  13.316842 0.715867   1
  1516    101 ASP    OD1       4.04200    4.52100    5.62700  19.677323  14.731134 0.748635   1
  1517    101 ASP    OD2       4.17500    4.64800    5.50200  18.584416  13.757121 0.740250   1
  1518    101 ASP    C         3.85200    4.77800    5.50700  17.971029  13.643678 0.759204   1
  1519    101 ASP    O         3.87400    4.78400    5.63000  21.844156  16.154423 0.739531   1
  1520    102 GLY    N         3.83200    4.88600    5.42500  16.047952  11.782109 0.734181   1
  1522    102 GLY    CA        3.81200    5.02200    5.46800  18.553447  13.679160 0.737284   1
  1525    102 GLY    C         3.84600    5.12700    5.36600  18.867133  13.319340 0.705955   1
  1526    102 GLY    O         3.76900    5.22200    5.36000  21.291708  14.233383 0.668494   1
  1527    103 ASN    N         3.95400    5.10300    5.28300  16.092907  10.840580 0.673625   1
  1529    103 ASN    CA        4.00000    5.19500    5.17300  15.549451   9.978011 0.641695   1
  1531    103 ASN    CB        4.15200    5.21200    5.17100  16.804196   9.630685 0.573112   1
  1534    103 ASN    CG        4.21900    5.26400    5.29100  20.761239  12.691154 0.611291   1
  1535    103 ASN    OD1       4.15300    5.32500    5.37600  22.549451  14.175412 0.628637   1
  1536    103 ASN    ND2       4.34300    5.23500    5.31600  21.821179  13.782609 0.631616   1
  1539    103 ASN    C         3.93700    5.16200    5.03900  12.320679   7.669165 0.622463   1
  1540    103 ASN    O         3.99500    5.19500    4.93600  11.740260   6.821089 0.581000   1
  1541    104 GLY    N         3.81400    5.10600    5.03700  10.650350   7.306347 0.686019   1
  1543    104 GLY    CA        3.74800    5.06900    4.90900   8.672328   6.304848 0.727008   1
  1546    104 GLY    C         3.84400    5.00000    4.81500   5.019980   3.830085 0.762968   1
  1547    104 GLY    O         3.90300    4.89700    4.85400   4.047952   3.211394 0.793338   1
  1548    105 MET    N         3.85800    5.04300    4.68900   4.251748   2.635182 0.619788   1
  1550    105 MET    CA        3.94200    4.98200    4.58700   1.116883   0.696152 nan        0
  1552    105 MET    CB        3.87700    4.99000    4.44900   0.068931   0.008496 nan        0
  1555    105 MET    CG        3.76500    4.88900    4.42700   0.000000   0.001000 nan        0
  1558    105 MET    SD        3.72100    4.86400    4.25800   0.002997   0.001000 nan        0
  1559    105 MET    CE        3.85300    4.74900    4.20800   1.516484   1.088456 nan        0
  1563    105 MET    C         4.08400    5.04100    4.58800   0.791209   0.313843 nan        0
  1564    105 MET    O         4.17000    4.98800    4.52000   0.564436   1.568216 nan        0
  1565    106 ASN    N         4.10700    5.15200    4.66500   4.182817   1.524238 0.364405   1
  1567    106 ASN    CA        4.24800    5.19700    4.68500   5.452547   2.189905 0.401630   1
  1569    106 ASN    CB        4.25300    5.32500    4.77100   9.730270   4.543728 0.466968   1
  1572    106 ASN    CG        4.14600    5.43600    4.73400  11.428571   5.617691 0.491548   1
  1573    106 ASN    OD1       4.16600    5.52400    4.65000  12.474525   6.535232 0.523886   1
  1574    106 ASN    ND2       4.03300    5.43800    4.79000  12.066933   6.784108 0.562206   1
  1577    106 ASN    C         4.34100    5.09000    4.75200   8.058941   4.290855 0.532434   1
  1578    106 ASN    O         4.45000    5.11900    4.80100   9.403596   6.088956 0.647513   1
  1579    107 ALA    N         4.28300    4.97200    4.78600   7.954046   5.170415 0.650036   1
  1581    107 ALA    CA        4.35700    4.85200    4.82400  10.608392   7.692654 0.725148   1
  1583    107 ALA    CB        4.25000    4.74300    4.84600   9.217782   6.046977 0.656012   1
  1587    107 ALA    C         4.44800    4.80300    4.70900  10.961039   8.762619 0.799433   1
  1588    107 ALA    O         4.52900    4.71300    4.74100  13.969031   9.882559 0.707462   1
  1589    108 TRP    N         4.43100    4.85300    4.58800   7.708292   6.639680 0.861369   1
  1591    108 TRP    CA        4.51400    4.83000    4.47600   8.112887   7.128936 0.878717   1
  1593    108 TRP    CB        4.43800    4.74200    4.37900   6.268731   5.567716 0.888173   1
  1596    108 TRP    CG        4.40100    4.60700    4.42700   6.945055   6.083958 0.876013   1
  1597    108 TRP    CD1       4.48100    4.49800    4.44100   7.750250   6.817091 0.879596   1
  1599    108 TRP    NE1       4.41100    4.39400    4.49000   6.944056   5.795602 0.834613   1
  1601    108 TRP    CE2       4.27300    4.42600    4.50900   5.231768   3.863568 0.738482   1
  1602    108 TRP    CZ2       4.16100    4.34700    4.54400   2.814186   1.971014 nan        0
  1604    108 TRP    CH2       4.03700    4.41100    4.53700   1.616384   1.069465 nan        0
  1606    108 TRP    CZ3       4.01800    4.54400    4.48400   1.231768   1.034483 nan        0
  1608    108 TRP    CE3       4.13600    4.61500    4.45700   2.598402   2.047476 nan        0
  1610    108 TRP    CD2       4.26400    4.55700    4.45500   5.544456   4.035982 0.727931   1
  1611    108 TRP    C         4.56900    4.95500    4.41500   6.781219   6.225887 0.918107   1
  1612    108 TRP    O         4.50200    5.04800    4.36700   4.200799   4.634183 1.103167   1
  1613    109 VAL    N         4.70100    4.96400    4.40900  10.182817   8.165417 0.801882   1
  1615    109 VAL    CA        4.77500    5.08000    4.37000  10.670330   7.605697 0.712789   1
  1617    109 VAL    CB        4.93000    5.06200    4.39700  16.327672  11.867066 0.726807   1
  1619    109 VAL    CG1       5.01500    5.18700    4.36800  17.455544  11.560220 0.662266   1
  1623    109 VAL    CG2       4.95100    5.01400    4.54100  17.719281  14.094953 0.795459   1
  1627    109 VAL    C         4.75800    5.10900    4.22200   8.478521   6.988006 0.824201   1
  1628    109 VAL    O         4.73800    5.22900    4.19100   6.968032   6.163918 0.884600   1
  1629    110 ALA    N         4.74700    5.01000    4.13600   9.508492   8.622689 0.906841   1
  1631    110 ALA    CA        4.72000    5.03200    3.99800   8.519481   7.777611 0.912921   1
  1633    110 ALA    CB        4.74000    4.90600    3.91500   9.660340   8.899550 0.921246   1
  1637    110 ALA    C         4.58000    5.09400    3.97400   5.185814   4.174413 0.804968   1
  1638    110 ALA    O         4.57700    5.20100    3.91300   4.293706   3.228886 0.752004   1
  1639    111 TRP    N         4.48000    5.04200    4.04200   3.180819   3.830585 nan        0
  1641    111 TRP    CA        4.34400    5.10300    4.03000   2.070929   2.444778 nan        0
  1643    111 TRP    CB        4.23800    5.02100    4.11000   2.808192   3.000000 nan        0
  1646    111 TRP    CG        4.10000    5.08500    4.10600   2.119880   2.285857 nan        0
  1647    111 TRP    CD1       4.00500    5.05900    4.01500   2.554446   2.496252 nan        0
  1649    111 TRP    NE1       3.89300    5.13500    4.04300   2.104895   1.197401 nan        0
  1651    111 TRP    CE2       3.91300    5.21900    4.14500   3.125874   1.926537 nan        0
  1652    111 TRP    CZ2       3.82300    5.30300    4.21000   6.147852   4.475762 0.728020   1
  1654    111 TRP    CH2       3.86400    5.36600    4.32700   6.240759   5.188406 0.831374   1
  1656    111 TRP    CZ3       3.99400    5.34300    4.38000   3.205794   3.432784 nan        0
  1658    111 TRP    CE3       4.08500    5.25800    4.31800   0.645355   0.913543 nan        0
  1660    111 TRP    CD2       4.04400    5.18600    4.20100   0.981019   1.574213 nan        0
  1661    111 TRP    C         4.33700    5.24700    4.08200   2.379620   2.058471 nan        0
  1662    111 TRP    O         4.28300    5.33400    4.01500   2.200799   2.345827 nan        0
  1663    112 ARG    N         4.41300    5.28100    4.19200   2.390609   2.086957 nan        0
  1665    112 ARG    CA        4.42200    5.42300    4.25100   4.174825   1.987506 0.476069   1
  1667    112 ARG    CB        4.50000    5.42500    4.38200   5.678322   3.577711 0.630065   1
  1670    112 ARG    CG        4.47500    5.56100    4.45700  10.135864   5.992004 0.591169   1
  1673    112 ARG    CD        4.55300    5.55700    4.59300  15.066933   7.962019 0.528443   1
  1676    112 ARG    NE        4.70100    5.53400    4.58600  16.262737  10.145927 0.623876   1
  1678    112 ARG    CZ        4.80100    5.62100    4.57800  17.994006  12.700150 0.705799   1
  1679    112 ARG    NH1       4.77900    5.74500    4.57200  19.851149  13.838081 0.697092   1
  1682    112 ARG    NH2       4.92600    5.59300    4.59400  19.194805  12.771114 0.665342   1
  1685    112 ARG    C         4.48700    5.51900    4.14700   6.573427   3.766617 0.573007   1
  1686    112 ARG    O         4.44800    5.63100    4.13000   9.323676   6.231884 0.668393   1
  1687    113 ASN    N         4.59300    5.47000    4.08200   7.118881   3.664668 0.514781   1
  1689    113 ASN    CA        4.67900    5.55100    3.99900  11.921079   7.192904 0.603377   1
  1691    113 ASN    CB        4.82200    5.49100    4.00800  13.834166   8.579210 0.620147   1
  1694    113 ASN    CG        4.90400    5.53100    4.12600  14.328671  10.092954 0.704389   1
  1695    113 ASN    OD1       4.84900    5.58800    4.22000  14.841159  10.524738 0.709159   1
  1696    113 ASN    ND2       5.03100    5.48900    4.13900  16.691309  10.921039 0.654295   1
  1699    113 ASN    C         4.62700    5.57000    3.85900  12.710290   7.921539 0.623238   1
  1700    113 ASN    O         4.65700    5.67700    3.79700  16.512488  10.409795 0.630420   1
  1701    114 ARG    N         4.56400    5.46500    3.80600   9.333666   6.403298 0.686043   1
  1703    114 ARG    CA        4.52300    5.45000    3.66700  10.289710   7.272864 0.706809   1
  1705    114 ARG    CB        4.58400    5.32100    3.61100  10.404595   6.604198 0.634739   1
  1708    114 ARG    CG        4.73800    5.30000    3.62900  12.225774   8.650675 0.707577   1
  1711    114 ARG    CD        4.79700    5.17500    3.56300  13.744256   9.510745 0.691980   1
  1714    114 ARG    NE        4.81000    5.18400    3.41600  15.835165  11.289855 0.712961   1
  1716    114 ARG    CZ        4.89400    5.11200    3.33600  17.567433  12.647176 0.719922   1
  1717    114 ARG    NH1       5.01000    5.06800    3.37900  19.867133  14.026987 0.706040   1
  1720    114 ARG    NH2       4.88000    5.11300    3.20800  19.542458  13.144428 0.672609   1
  1723    114 ARG    C         4.37000    5.44500    3.63700   9.118881   6.636182 0.727741   1
  1724    114 ARG    O         4.33100    5.47900    3.52800  10.285714   7.147426 0.694889   1
  1725    115 CYS    N         4.28800    5.40600    3.73200   6.046953   4.135432 0.683887   1
  1727    115 CYS    CA        4.14400    5.39200    3.70200   4.830170   3.696652 0.765325   1
  1729    115 CYS    CB        4.09200    5.25800    3.74400   3.557443   3.333333 nan        0
  1732    115 CYS    SG        4.18000    5.12100    3.66400   3.768232   2.851074 nan        0
  1733    115 CYS    C         4.06000    5.49300    3.77400   5.536464   4.297351 0.776191   1
  1734    115 CYS    O         3.96300    5.54500    3.72400   5.874126   4.779610 0.813672   1
  1735    116 LYS    N         4.09100    5.51200    3.90200   4.924076   3.319840 0.674206   1
  1737    116 LYS    CA        4.02100    5.61900    3.97600   8.412587   5.721139 0.680069   1
  1739    116 LYS    CB        4.09200    5.63500    4.12000   8.984016   6.739130 0.750124   1
  1742    116 LYS    CG        4.01500    5.72700    4.22200  13.681319  10.686157 0.781077   1
  1745    116 LYS    CD        4.10400    5.72500    4.35300  14.224775  11.501249 0.808536   1
  1748    116 LYS    CE        4.02400    5.79000    4.46300  17.860140  12.791604 0.716210   1
  1751    116 LYS    NZ        4.08900    5.78200    4.59100  20.091908  13.044478 0.649240   1
  1755    116 LYS    C         4.01000    5.75400    3.90700  12.270729   8.065467 0.657293   1
  1756    116 LYS    O         4.10800    5.80400    3.84800  12.761239   8.448776 0.662065   1
  1757    117 GLY    N         3.89600    5.82600    3.91200  14.955045  10.740130 0.718161   1
  1759    117 GLY    CA        3.87200    5.94200    3.83600  18.499500  12.452774 0.673141   1
  1762    117 GLY    C         3.85300    5.92900    3.68800  19.477522  12.849575 0.659713   1
  1763    117 GLY    O         3.81000    6.02400    3.62700  21.329670  13.387806 0.627661   1
  1764    118 THR    N         3.87000    5.81000    3.62400  16.543457  11.115442 0.671894   1
  1766    118 THR    CA        3.85300    5.79800    3.47500  16.077922  11.548726 0.718297   1
  1768    118 THR    CB        3.96400    5.71500    3.41300  14.326673  10.122439 0.706545   1
  1770    118 THR    CG2       4.09400    5.76400    3.46400  14.317682  10.789605 0.753586   1
  1774    118 THR    OG1       3.95300    5.57900    3.45100   9.899101   7.313843 0.738839   1
  1776    118 THR    C         3.71700    5.73400    3.43100  15.413586  11.401299 0.739692   1
  1777    118 THR    O         3.64000    5.67500    3.50600  15.047952  11.470265 0.762248   1
  1778    119 ASP    N         3.68800    5.74000    3.30200  16.702298  12.347826 0.739289   1
  1780    119 ASP    CA        3.57200    5.67600    3.23500  16.761239  13.484758 0.804520   1
  1782    119 ASP    CB        3.55200    5.73900    3.09600  17.889111  13.789605 0.770838   1
  1785    119 ASP    CG        3.45000    5.66900    3.00900  17.062937  13.468266 0.789329   1
  1786    119 ASP    OD1       3.35300    5.60400    3.05600  15.786214  11.240380 0.712038   1
  1787    119 ASP    OD2       3.46900    5.66000    2.88300  17.381618  13.155922 0.756887   1
  1788    119 ASP    C         3.59300    5.52300    3.22400  11.922078   9.165417 0.768777   1
  1789    119 ASP    O         3.62400    5.47400    3.11300   9.960040   7.986507 0.801855   1
  1790    120 VAL    N         3.55800    5.45700    3.33000   9.640360   7.854573 0.814759   1
  1792    120 VAL    CA        3.56700    5.31200    3.36100   7.243756   5.648676 0.779799   1
  1794    120 VAL    CB        3.58200    5.27800    3.50800   7.987013   6.680660 0.836440   1
  1796    120 VAL    CG1       3.71500    5.30500    3.56500   6.317682   5.372814 0.850441   1
  1800    120 VAL    CG2       3.48600    5.35900    3.58900  10.383616   8.310845 0.800381   1
  1804    120 VAL    C         3.45800    5.22900    3.27800   5.656344   3.823588 0.675982   1
  1805    120 VAL    O         3.49100    5.11600    3.24300   3.941059   2.037981 nan        0
  1806    121 GLN    N         3.34700    5.28700    3.23500   7.725275   5.622689 0.727830   1
  1808    121 GLN    CA        3.24600    5.23700    3.14000   8.009990   6.882059 0.859184   1
  1810    121 GLN    CB        3.13200    5.33700    3.12400  13.553447  11.230385 0.828600   1
  1813    121 GLN    CG        3.00200    5.28900    3.06000  16.413586  13.634683 0.830695   1
  1816    121 GLN    CD        2.99700    5.27900    2.90800  15.750250  12.276362 0.779439   1
  1817    121 GLN    OE1       2.95000    5.18200    2.85000  14.532468  12.335832 0.848846   1
  1818    121 GLN    NE2       3.05200    5.38100    2.84200  16.758242  12.245377 0.730708   1
  1821    121 GLN    C         3.30800    5.19400    3.00500   5.497502   4.399800 0.800327   1
  1822    121 GLN    O         3.27200    5.09700    2.94000   4.658342   3.965017 0.851165   1
  1823    122 ALA    N         3.41500    5.26000    2.96300   6.341658   4.835582 0.762511   1
  1825    122 ALA    CA        3.48900    5.23800    2.84400   8.271728   6.055972 0.732129   1
  1827    122 ALA    CB        3.60800    5.34100    2.83100  11.323676   8.192404 0.723476   1
  1831    122 ALA    C         3.54700    5.09000    2.84900   6.717283   3.707146 0.551882   1
  1832    122 ALA    O         3.55800    5.02000    2.75100   7.607393   4.685657 0.615935   1
  1833    123 TRP    N         3.58000    5.04300    2.97000   4.472527   2.158421 0.482595   1
  1835    123 TRP    CA        3.63000    4.90600    2.98200   2.688312   1.713643 nan        0
  1837    123 TRP    CB        3.69300    4.88700    3.12200   1.747253   0.809095 nan        0
  1840    123 TRP    CG        3.82200    4.95900    3.11700   4.094905   2.603698 0.635838   1
  1841    123 TRP    CD1       3.84100    5.07000    3.18900   4.817183   3.049475 0.633041   1
  1843    123 TRP    NE1       3.96200    5.12900    3.15900   6.514486   4.657671 0.714971   1
  1845    123 TRP    CE2       4.02600    5.05500    3.06000   8.773227   5.922539 0.675070   1
  1846    123 TRP    CZ2       4.14700    5.07200    2.99300  12.524476   8.228386 0.656984   1
  1848    123 TRP    CH2       4.19400    4.96500    2.91400  13.090909   7.325837 0.559613   1
  1850    123 TRP    CZ3       4.11600    4.84800    2.89500  10.534466   6.311844 0.599161   1
  1852    123 TRP    CE3       3.99000    4.83100    2.95600   7.073926   4.257371 0.601840   1
  1854    123 TRP    CD2       3.94300    4.93900    3.04200   6.381618   3.967516 0.621710   1
  1855    123 TRP    C         3.51900    4.80400    2.95500   1.598402   1.011494 nan        0
  1856    123 TRP    O         3.55600    4.68600    2.93200   1.382617   0.750625 nan        0
  1857    124 ILE    N         3.38600    4.85000    2.95600   2.218781   1.661669 nan        0
  1859    124 ILE    CA        3.27500    4.76800    2.92700   3.165834   2.735632 nan        0
  1861    124 ILE    CB        3.17200    4.74900    3.03800   6.487512   5.306347 0.817932   1
  1863    124 ILE    CG2       3.23500    4.67400    3.15700   4.324675   4.022489 0.930125   1
  1867    124 ILE    CG1       3.11300    4.88300    3.08400   9.337662   7.078461 0.758055   1
  1870    124 ILE    CD        2.99200    4.86800    3.17900  13.467532  10.341329 0.767871   1
  1874    124 ILE    C         3.20200    4.80400    2.79600   5.349650   4.750625 0.888025   1
  1875    124 ILE    O         3.11800    4.72500    2.75400   7.364635   6.423288 0.872180   1
  1876    125 ARG    N         3.23600    4.91700    2.73700   6.270729   5.417791 0.863981   1
  1878    125 ARG    CA        3.17700    4.96900    2.61000  10.632368   8.991504 0.845673   1
  1880    125 ARG    CB        3.24500    5.09900    2.58600  12.189810  10.394803 0.852745   1
  1883    125 ARG    CG        3.19300    5.15500    2.45700  16.415584  13.015492 0.792874   1
  1886    125 ARG    CD        3.21400    5.30900    2.45500  18.349650  13.614693 0.741959   1
  1889    125 ARG    NE        3.35500    5.34400    2.47200  18.784216  14.340330 0.763424   1
  1891    125 ARG    CZ        3.40000    5.45000    2.53500  17.711289  14.727136 0.831511   1
  1892    125 ARG    NH1       3.32500    5.54100    2.59300  17.739261  14.210395 0.801070   1
  1895    125 ARG    NH2       3.52700    5.47300    2.54100  18.788212  14.166417 0.754006   1
  1898    125 ARG    C         3.20400    4.85800    2.50400  12.803197  10.032984 0.783631   1
  1899    125 ARG    O         3.30400    4.79400    2.50500  12.566434   8.832084 0.702831   1
  1900    126 GLY    N         3.10600    4.82700    2.42000  15.917083  12.197901 0.766340   1
  1902    126 GLY    CA        3.10300    4.71200    2.33200  17.541459  12.283858 0.700276   1
  1905    126 GLY    C         3.06800    4.57700    2.37900  16.927073  12.384808 0.731657   1
  1906    126 GLY    O         3.05400    4.47900    2.30300  18.996004  12.841579 0.676015   1
  1907    127 CYS    N         3.06300    4.56500    2.51300  14.117882  10.630185 0.752959   1
  1909    127 CYS    CA        3.02900    4.42900    2.57000  12.891109  10.610695 0.823102   1
  1911    127 CYS    CB        3.09600    4.41100    2.70600   9.244755   8.645677 0.935198   1
  1914    127 CYS    SG        3.27900    4.41800    2.71700   8.021978   6.153423 0.767071   1
  1915    127 CYS    C         2.88000    4.40200    2.57100  16.473526  14.201399 0.862074   1
  1916    127 CYS    O         2.79300    4.49500    2.58200  17.985015  14.444278 0.803128   1
  1917    128 ARG    N         2.84200    4.27300    2.56800  18.885115  15.976512 0.845984   1
  1919    128 ARG    CA        2.70300    4.22500    2.59200  21.252747  17.566717 0.826562   1
  1921    128 ARG    CB        2.63800    4.19500    2.45300  21.843157  16.285357 0.745559   1
  1924    128 ARG    CG        2.49200    4.13700    2.46700  22.472527  16.604698 0.738889   1
  1927    128 ARG    CD        2.42900    4.08900    2.33900  23.262737  15.942029 0.685303   1
  1930    128 ARG    NE        2.28500    4.06400    2.35600  24.892108  16.620690 0.667709   1
  1932    128 ARG    CZ        2.18900    4.14800    2.33500  25.269730  16.843578 0.666552   1
  1933    128 ARG    NH1       2.20600    4.27200    2.30500  25.140859  16.032984 0.637726   1
  1936    128 ARG    NH2       2.06800    4.11000    2.32700  26.032967  16.183408 0.621651   1
  1939    128 ARG    C         2.69500    4.10600    2.69200  22.027972  18.008996 0.817551   1
  1940    128 ARG    OC1       2.63800    4.12400    2.79900  21.596404  17.231384 0.797882   1
  1941    128 ARG    OC2       2.75200    3.99500    2.67100  20.503497  16.543228 0.806849   1
