# atom_index_1based resid resname atomname x_nm y_nm z_nm n0 nS eta surface
     1      1 LYS    N         2.58900    2.26500    4.25600  24.262737  23.242879 0.957966   1
     5      1 LYS    CA        2.72500    2.30600    4.21200  22.382617  21.963518 0.981276   1
     7      1 LYS    CB        2.77800    2.19800    4.11600  22.290709  22.086457 0.990837   1
    10      1 LYS    CG        2.92000    2.22600    4.06700  22.548452  22.124938 0.981218   1
    13      1 LYS    CD        2.97700    2.11100    3.98200  23.803197  23.544728 0.989141   1
    16      1 LYS    CE        3.11200    2.13300    3.91100  24.443556  24.087956 0.985452   1
    19      1 LYS    NZ        3.22000    2.16200    4.00800  26.087912  24.710145 0.947188   1
    23      1 LYS    C         2.73300    2.46000    4.16100  20.643357  20.029485 0.970263   1
    24      1 LYS    O         2.64900    2.51100    4.09200  20.863137  19.574713 0.938244   1
    25      2 GLU    N         2.84400    2.53100    4.20200  19.004995  19.111944 1.005627   1
    27      2 GLU    CA        2.87100    2.66300    4.14900  16.716284  16.595702 0.992787   1
    29      2 GLU    CB        2.98600    2.71700    4.22600  16.271728  16.089455 0.988798   1
    32      2 GLU    CG        3.02700    2.85900    4.19300  13.604396  13.310345 0.978386   1
    35      2 GLU    CD        3.14800    2.90100    4.26900  15.491508  14.459770 0.933400   1
    36      2 GLU    OE1       3.24400    2.82300    4.28000  17.086913  15.171414 0.887897   1
    37      2 GLU    OE2       3.14600    3.00400    4.34100  13.675325  13.275362 0.970753   1
    38      2 GLU    C         2.89900    2.66600    4.00200  14.210789  14.035482 0.987664   1
    39      2 GLU    O         2.97300    2.58700    3.94300  14.018981  13.339830 0.951555   1
    40      3 THR    N         2.83500    2.76000    3.93300  13.928072  13.864568 0.995441   1
    42      3 THR    CA        2.85800    2.77200    3.78900  14.628372  14.651174 1.001559   1
    44      3 THR    CB        2.74500    2.83100    3.70300  17.049950  17.188406 1.008121   1
    46      3 THR    CG2       2.62000    2.74500    3.71600  19.586414  19.831084 1.012492   1
    50      3 THR    OG1       2.72600    2.96600    3.74100  16.569431  16.575212 1.000349   1
    52      3 THR    C         2.98900    2.85200    3.76200  11.802198  11.680160 0.989660   1
    53      3 THR    O         3.04200    2.91800    3.85200   9.893107   9.668666 0.977313   1
    54      4 ALA    N         3.04400    2.85000    3.64300  14.327672  14.108446 0.984699   1
    56      4 ALA    CA        3.17500    2.91400    3.61700  12.741259  12.309345 0.966101   1
    58      4 ALA    CB        3.22500    2.85500    3.48600  16.311688  15.853573 0.971915   1
    62      4 ALA    C         3.17900    3.06500    3.60800  10.240759   9.819590 0.958873   1
    63      4 ALA    O         3.27600    3.12800    3.65100   6.748252   6.966517 1.032344   1
    64      5 ALA    N         3.06000    3.12400    3.57500  10.465534   9.686657 0.925577   1
    66      5 ALA    CA        3.04200    3.26600    3.57300  10.759241   9.744628 0.905698   1
    68      5 ALA    CB        2.92900    3.30000    3.47700  12.200799  11.486257 0.941435   1
    72      5 ALA    C         3.00900    3.32100    3.70900   9.070929   8.567216 0.944470   1
    73      5 ALA    O         3.04800    3.43600    3.73600   7.212787   6.564718 0.910150   1
    74      6 ALA    N         2.94000    3.24700    3.79800  11.320679  11.221889 0.991273   1
    76      6 ALA    CA        2.91900    3.27800    3.93900  11.233766  11.392304 1.014113   1
    78      6 ALA    CB        2.82300    3.17000    3.99800  12.972028  12.384808 0.954732   1
    82      6 ALA    C         3.04600    3.27700    4.01700   8.388611   8.103448 0.966006   1
    83      6 ALA    O         3.07200    3.36500    4.09500   7.550450   7.420290 0.982761   1
    84      7 LYS    N         3.13300    3.18400    3.98500   5.070929   5.027986 0.991532   1
    86      7 LYS    CA        3.27000    3.17800    4.03100   4.889111   4.238381 0.866902   1
    88      7 LYS    CB        3.34000    3.04300    4.00700   8.571429   7.560220 0.882026   1
    91      7 LYS    CG        3.48700    3.03300    4.06000  11.342657  11.224388 0.989573   1
    94      7 LYS    CD        3.53300    2.88500    4.08200  16.485514  16.385807 0.993952   1
    97      7 LYS    CE        3.54600    2.81000    3.94800  18.476523  18.210895 0.985623   1
   100      7 LYS    NZ        3.59300    2.67100    3.97800  22.908092  22.421289 0.978750   1
   104      7 LYS    C         3.35500    3.30200    3.99500   3.389610   3.109445 nan        0
   105      7 LYS    O         3.43300    3.34800    4.07900   3.557443   3.204898 nan        0
   106      8 PHE    N         3.35100    3.34600    3.86800   3.616384   3.348826 nan        0
   108      8 PHE    CA        3.41500    3.46800    3.83400   3.835165   3.654673 nan        0
   110      8 PHE    CB        3.38200    3.49400    3.68500   3.828172   3.390805 nan        0
   113      8 PHE    CG        3.43200    3.63100    3.63300   3.918082   2.822589 nan        0
   114      8 PHE    CD1       3.56900    3.65100    3.59700   4.484515   4.025487 0.897642   1
   116      8 PHE    CE1       3.62500    3.77300    3.59000   3.826174   3.714643 nan        0
   118      8 PHE    CZ        3.54700    3.88500    3.61000   2.900100   2.701649 nan        0
   120      8 PHE    CE2       3.41200    3.86600    3.64100   2.178821   2.156422 nan        0
   122      8 PHE    CD2       3.35500    3.74100    3.65300   2.893107   2.208896 nan        0
   124      8 PHE    C         3.36200    3.59000    3.92000   2.572428   2.110945 nan        0
   125      8 PHE    O         3.45100    3.66100    3.96900   1.986014   1.530235 nan        0
   126      9 GLU    N         3.23300    3.61200    3.93200   4.535465   4.471264 0.985845   1
   128      9 GLU    CA        3.16100    3.72500    4.00900   6.427572   6.895052 1.072730   1
   130      9 GLU    CB        3.01000    3.71500    4.00400  11.091908  11.265867 1.015683   1
   133      9 GLU    CG        2.94100    3.79500    3.89500  11.600400  11.556222 0.996192   1
   136      9 GLU    CD        2.79000    3.76400    3.89700  17.074925  16.645677 0.974861   1
   137      9 GLU    OE1       2.74700    3.66200    3.83400  15.903097  15.574713 0.979351   1
   138      9 GLU    OE2       2.72000    3.83000    3.97600  19.932068  19.365317 0.971566   1
   139      9 GLU    C         3.20200    3.71800    4.15600   6.218781   6.728636 1.081986   1
   140      9 GLU    O         3.24300    3.82200    4.19900   5.804196   6.734133 1.160218   1
   141     10 ARG    N         3.20500    3.60000    4.22500   7.388611   7.489755 1.013689   1
   143     10 ARG    CA        3.26400    3.58600    4.36200   7.105894   7.302349 1.027647   1
   145     10 ARG    CB        3.22600    3.45100    4.41800   9.063936   9.320340 1.028288   1
   148     10 ARG    CG        3.30200    3.41600    4.54300   9.986014   9.369315 0.938244   1
   151     10 ARG    CD        3.26000    3.27400    4.59400  12.185814  12.229385 1.003576   1
   154     10 ARG    NE        3.30400    3.16800    4.49700  12.052947  12.062969 1.000831   1
   156     10 ARG    CZ        3.42400    3.11100    4.49000  10.714286  10.802599 1.008243   1
   157     10 ARG    NH1       3.43400    2.99700    4.43000  12.753247  12.660170 0.992702   1
   160     10 ARG    NH2       3.53200    3.15500    4.54200   9.010989   8.780110 0.974378   1
   163     10 ARG    C         3.41500    3.62000    4.36200   3.673327   3.939530 nan        0
   164     10 ARG    O         3.46200    3.68800    4.45400   3.269730   3.364818 nan        0
   165     11 GLN    N         3.49900    3.57400    4.27000   1.016983   0.978011 nan        0
   167     11 GLN    CA        3.64200    3.60400    4.27000   0.601399   0.507246 nan        0
   169     11 GLN    CB        3.70200    3.51000    4.16900   3.832168   3.443278 nan        0
   172     11 GLN    CG        3.71200    3.37000    4.22300   6.374625   5.929535 0.930178   1
   175     11 GLN    CD        3.78200    3.27600    4.12400  10.514486   9.878061 0.939472   1
   176     11 GLN    OE1       3.77700    3.28900    4.00500  10.924076  10.223388 0.935858   1
   177     11 GLN    NE2       3.83400    3.16800    4.17900  13.345654  12.805097 0.959496   1
   180     11 GLN    C         3.68100    3.74900    4.24900   0.116883   0.139430 nan        0
   181     11 GLN    O         3.77900    3.79500    4.30400   0.068931   0.117941 nan        0
   182     12 HIS    N         3.61100    3.80900    4.15300   0.606394   0.199400 nan        0
   184     12 HIS    CA        3.66200    3.92400    4.07700   0.649351   0.115442 nan        0
   186     12 HIS    CB        3.69400    3.88800    3.93500   1.574426   1.674663 nan        0
   189     12 HIS    CG        3.81100    3.78600    3.93100   4.450549   4.267866 0.958953   1
   190     12 HIS    ND1       3.94100    3.80600    3.96700   4.870130   4.664668 0.957812   1
   192     12 HIS    CE1       4.00600    3.69600    3.94500   6.062937   5.834083 0.962254   1
   194     12 HIS    NE2       3.92700    3.59700    3.89500   6.633367   6.655672 1.003363   1
   195     12 HIS    CD2       3.80100    3.65800    3.88100   5.420579   4.862569 0.897057   1
   197     12 HIS    C         3.58700    4.05900    4.09200   1.508492   0.749625 nan        0
   198     12 HIS    O         3.64000    4.15700    4.04900   1.992008   1.962019 nan        0
   199     13 MET    N         3.46600    4.06700    4.15200   3.097902   2.574213 nan        0
   201     13 MET    CA        3.39200    4.19500    4.14900   5.106893   4.376312 0.856942   1
   203     13 MET    CB        3.24900    4.16900    4.08800   5.050949   4.364818 0.864158   1
   206     13 MET    CG        3.24000    4.14300    3.93800   4.178821   3.745627 0.896336   1
   209     13 MET    SD        3.31300    4.26300    3.82900   2.455544   2.044478 nan        0
   210     13 MET    CE        3.19600    4.40600    3.85700   3.749251   2.460270 nan        0
   214     13 MET    C         3.36900    4.24300    4.29000   6.565435   5.608696 0.854276   1
   215     13 MET    O         3.35200    4.16400    4.38100   8.414585   7.448276 0.885163   1
   216     14 ASP    N         3.34700    4.36700    4.29600   5.562438   5.327336 0.957734   1
   218     14 ASP    CA        3.29100    4.42700    4.41900   8.047952   7.837581 0.973860   1
   220     14 ASP    CB        3.37900    4.43000    4.54000   7.216783   7.272864 1.007771   1
   223     14 ASP    CG        3.29200    4.46700    4.66400  11.214785  11.172914 0.996266   1
   224     14 ASP    OD1       3.19400    4.39500    4.69200  14.347652  14.197901 0.989563   1
   225     14 ASP    OD2       3.30800    4.57100    4.72700  10.810190  11.763618 1.088197   1
   226     14 ASP    C         3.22300    4.56700    4.39200   6.838162   7.251374 1.060427   1
   227     14 ASP    O         3.28200    4.67300    4.40500   5.076923   5.739130 1.130435   1
   228     15 SER    N         3.11500    4.55800    4.32100  10.058941   9.722639 0.966567   1
   230     15 SER    CA        3.05800    4.68100    4.25900  11.643357  11.166917 0.959081   1
   232     15 SER    CB        2.93900    4.64500    4.18200  13.579421  13.088956 0.963882   1
   235     15 SER    OG        2.97500    4.56100    4.07600  11.809191  11.193903 0.947898   1
   237     15 SER    C         3.01900    4.78600    4.36800  14.219780  13.577211 0.954812   1
   238     15 SER    O         2.98100    4.89600    4.33000  15.489510  14.548726 0.939263   1
   239     16 SER    N         3.01300    4.75300    4.49800  16.041958  15.058471 0.938693   1
   241     16 SER    CA        2.98000    4.84800    4.60700  18.142857  17.840580 0.983339   1
   243     16 SER    CB        2.89100    4.76600    4.70400  21.065934  19.603698 0.930588   1
   246     16 SER    OG        2.97100    4.66200    4.77000  21.646354  19.683158 0.909306   1
   248     16 SER    C         3.09800    4.91600    4.67100  17.418581  16.948026 0.972985   1
   249     16 SER    O         3.07800    5.01000    4.74800  19.380619  18.624188 0.960970   1
   250     17 THR    N         3.21300    4.88300    4.62500  13.308691  12.955522 0.973463   1
   252     17 THR    CA        3.33700    4.95700    4.63700  11.786214  11.824588 1.003256   1
   254     17 THR    CB        3.45100    4.86900    4.69100   9.638362   9.888056 1.025906   1
   256     17 THR    CG2       3.55000    4.95200    4.75300   9.223776  10.249875 1.111245   1
   260     17 THR    OG1       3.40800    4.79100    4.80500  11.572428  12.299850 1.062858   1
   262     17 THR    C         3.37400    5.02800    4.50700  10.420579   9.904048 0.950432   1
   263     17 THR    O         3.35100    4.97400    4.40000   8.681319   8.342829 0.961009   1
   264     18 SER    N         3.42800    5.15400    4.52000  13.406593  12.503748 0.932657   1
   266     18 SER    CA        3.48400    5.24000    4.41300  14.285714  13.812594 0.966882   1
   268     18 SER    CB        3.42700    5.38100    4.42400  19.428571  18.645677 0.959704   1
   271     18 SER    OG        3.46100    5.46300    4.31300  22.109890  21.066967 0.952830   1
   273     18 SER    C         3.63100    5.23600    4.39800  11.842158  11.668666 0.985350   1
   274     18 SER    O         3.67600    5.25100    4.28500  11.407592  11.542229 1.011802   1
   275     19 ALA    N         3.70300    5.21800    4.50800   9.494505   9.201399 0.969129   1
   277     19 ALA    CA        3.85000    5.21700    4.50900   9.202797   8.885057 0.965474   1
   279     19 ALA    CB        3.90300    5.36200    4.49500  13.379620  13.144428 0.982422   1
   283     19 ALA    C         3.90200    5.16600    4.64600   7.112887   7.010495 0.985605   1
   284     19 ALA    O         3.83300    5.19900    4.74400   9.585415   9.256372 0.965673   1
   285     20 ALA    N         4.00500    5.08400    4.65200   4.481518   4.858571 1.084135   1
   287     20 ALA    CA        4.03800    5.02300    4.78200   4.716284   5.045477 1.069799   1
   289     20 ALA    CB        4.13600    4.90000    4.76200   2.916084   3.362319 nan        0
   293     20 ALA    C         4.08100    5.12800    4.88000   7.869131   8.506247 1.080964   1
   294     20 ALA    O         4.18500    5.18900    4.86900   9.796204  10.744128 1.096764   1
   295     21 SER    N         4.00000    5.15000    4.98200  11.145854  11.445277 1.026864   1
   297     21 SER    CA        4.00200    5.25300    5.08000  15.735265  15.726137 0.999420   1
   299     21 SER    CB        3.86600    5.27800    5.15200  18.481518  18.506747 1.001365   1
   302     21 SER    OG        3.79900    5.15300    5.17100  17.467532  17.313843 0.991201   1
   304     21 SER    C         4.11900    5.24900    5.17400  17.414585  16.891554 0.969966   1
   305     21 SER    O         4.14200    5.34700    5.24800  20.619381  19.737131 0.957213   1
   306     22 SER    N         4.19300    5.14000    5.18200  14.442557  13.498751 0.934651   1
   308     22 SER    CA        4.28400    5.11100    5.29200  14.760240  13.982509 0.947309   1
   310     22 SER    CB        4.21600    5.06700    5.42400  15.853147  15.750625 0.993533   1
   313     22 SER    OG        4.15700    4.93100    5.41800  12.224775  12.397301 1.014113   1
   315     22 SER    C         4.38500    5.00600    5.25800  12.299700  11.573213 0.940935   1
   316     22 SER    O         4.36800    4.93400    5.16200   9.162837   9.343328 1.019698   1
   317     23 SER    N         4.50000    4.99700    5.32200  16.282717  15.750125 0.967291   1
   319     23 SER    CA        4.60100    4.89700    5.28800  15.917083  15.269865 0.959338   1
   321     23 SER    CB        4.72500    4.91600    5.37900  20.174825  19.479760 0.965548   1
   324     23 SER    OG        4.68600    4.91900    5.51600  21.620380  20.257871 0.936980   1
   326     23 SER    C         4.55600    4.75300    5.31000  13.003996  12.041479 0.925983   1
   327     23 SER    O         4.61800    4.65500    5.27100  11.226773  10.084958 0.898295   1
   328     24 ASN    N         4.44400    4.73700    5.38400  11.270729  10.974513 0.973718   1
   330     24 ASN    CA        4.39700    4.61100    5.43700  10.234765   9.986007 0.975695   1
   332     24 ASN    CB        4.35600    4.64100    5.58500  13.735265  13.673663 0.995515   1
   335     24 ASN    CG        4.34700    4.51200    5.66300  15.060939  14.767616 0.980524   1
   336     24 ASN    OD1       4.42900    4.42200    5.64200  17.351648  15.678661 0.903583   1
   337     24 ASN    ND2       4.26100    4.49900    5.75600  16.236763  16.328836 1.005671   1
   340     24 ASN    C         4.28100    4.54200    5.35900   6.004995   5.854573 0.974950   1
   341     24 ASN    O         4.25700    4.42100    5.37600   6.036963   4.919540 0.814903   1
   342     25 TYR    N         4.22900    4.62000    5.26300   4.367632   4.286357 0.981391   1
   344     25 TYR    CA        4.13500    4.56900    5.16600   3.877123   4.082959 nan        0
   346     25 TYR    CB        4.13300    4.65600    5.04400   3.901099   3.885057 nan        0
   349     25 TYR    CG        4.02700    4.61900    4.94100   3.687313   3.520240 nan        0
   350     25 TYR    CD1       3.89700    4.67200    4.96300   5.724276   5.553223 0.970118   1
   352     25 TYR    CE1       3.79000    4.64500    4.87600   7.145854   6.813093 0.953433   1
   354     25 TYR    CZ        3.82000    4.58600    4.75300   4.459540   3.801099 0.852352   1
   355     25 TYR    OH        3.72400    4.56500    4.66100   3.980020   3.056972 nan        0
   357     25 TYR    CE2       3.94600    4.52200    4.73000   2.256743   2.032484 nan        0
   359     25 TYR    CD2       4.04800    4.54600    4.82100   2.445554   2.155422 nan        0
   361     25 TYR    C         4.15200    4.42100    5.12400   2.888112   2.935032 nan        0
   362     25 TYR    O         4.06700    4.33100    5.14700   3.283716   2.965517 nan        0
   363     26 CYS    N         4.26100    4.38300    5.05400   1.026973   1.102449 nan        0
   365     26 CYS    CA        4.28400    4.24600    5.00300   0.958042   1.001000 nan        0
   367     26 CYS    CB        4.41500    4.23800    4.93700   0.996004   1.012994 nan        0
   370     26 CYS    SG        4.43600    4.34200    4.79000   1.207792   1.202899 nan        0
   371     26 CYS    C         4.27600    4.14100    5.11400   1.425574   1.258871 nan        0
   372     26 CYS    O         4.23600    4.03100    5.08500   1.708292   1.472764 nan        0
   373     27 ASN    N         4.32000    4.16000    5.24200   3.652348   2.981509 nan        0
   375     27 ASN    CA        4.32100    4.06300    5.34500   6.584416   5.845077 0.887714   1
   377     27 ASN    CB        4.39800    4.12500    5.46900  11.062937  10.136432 0.916251   1
   380     27 ASN    CG        4.55400    4.13200    5.45900  11.478521  11.410295 0.994056   1
   381     27 ASN    OD1       4.61500    4.04900    5.39500   9.751249   9.749625 0.999834   1
   382     27 ASN    ND2       4.60500    4.23500    5.52200  13.517483  13.548726 1.002311   1
   385     27 ASN    C         4.17700    4.02600    5.39600   7.511489   7.183908 0.956389   1
   386     27 ASN    O         4.15800    3.91800    5.45300   8.253746   8.139430 0.986150   1
   387     28 GLN    N         4.08200    4.11400    5.37200   6.692308   6.757121 1.009685   1
   389     28 GLN    CA        3.94100    4.09400    5.40800   8.820180   8.558721 0.970357   1
   391     28 GLN    CB        3.89200    4.23500    5.44300  11.361638  11.208396 0.986512   1
   394     28 GLN    CG        3.95800    4.31800    5.54900  14.912088  13.849575 0.928748   1
   397     28 GLN    CD        3.89900    4.45800    5.56100  18.412587  17.059970 0.926538   1
   398     28 GLN    OE1       3.81600    4.49700    5.47700  18.371628  16.586707 0.902844   1
   399     28 GLN    NE2       3.93400    4.53600    5.66000  19.541459  17.972014 0.919686   1
   402     28 GLN    C         3.86800    4.04100    5.28200   7.101898   6.672164 0.939490   1
   403     28 GLN    O         3.80700    3.93100    5.29300   8.068931   7.271864 0.901218   1
   404     29 MET    N         3.90300    4.09400    5.16500   4.586414   3.700650 0.806872   1
   406     29 MET    CA        3.83400    4.04200    5.04700   3.530470   3.110945 nan        0
   408     29 MET    CB        3.84600    4.16000    4.94100   2.817183   2.901549 nan        0
   411     29 MET    CG        3.76200    4.27700    4.97700   5.842158   6.022489 1.030867   1
   414     29 MET    SD        3.58500    4.24900    4.97300   9.537463   9.074463 0.951455   1
   415     29 MET    CE        3.56300    4.17800    4.81000   8.022977   6.457771 0.804910   1
   419     29 MET    C         3.88200    3.90900    5.00300   1.574426   1.230885 nan        0
   420     29 MET    O         3.80400    3.83000    4.94900   1.701299   1.114443 nan        0
   421     30 MET    N         4.00700    3.86800    5.03000   0.348651   0.294353 nan        0
   423     30 MET    CA        4.04700    3.73700    4.98800   0.511489   0.613193 nan        0
   425     30 MET    CB        4.20300    3.72500    4.98300   0.472527   0.406797 nan        0
   428     30 MET    CG        4.25700    3.80800    4.86600   0.134865   0.114943 nan        0
   431     30 MET    SD        4.23500    3.73500    4.70500   0.000000   0.000000 nan        0
   432     30 MET    CE        4.37900    3.62200    4.69000   0.000000   0.000000 nan        0
   436     30 MET    C         3.98500    3.63100    5.08100   1.891109   1.687656 nan        0
   437     30 MET    O         3.95500    3.52200    5.03300   1.591409   1.444278 nan        0
   438     31 LYS    N         3.98300    3.65300    5.21000   4.451548   4.309845 0.968168   1
   440     31 LYS    CA        3.92000    3.57100    5.31600   8.210789   8.112444 0.988022   1
   442     31 LYS    CB        3.94200    3.63700    5.45400  12.484515  11.974013 0.959109   1
   445     31 LYS    CG        3.86300    3.56100    5.56000  17.321678  16.797601 0.969744   1
   448     31 LYS    CD        3.88900    3.61300    5.70400  21.422577  20.584208 0.960865   1
   451     31 LYS    CE        4.03500    3.61100    5.75000  21.548452  20.244878 0.939505   1
   454     31 LYS    NZ        4.08000    3.48000    5.79100  21.468531  21.434783 0.998428   1
   458     31 LYS    C         3.77500    3.55100    5.28000   7.496503   7.430785 0.991233   1
   459     31 LYS    O         3.73100    3.43500    5.27700   7.882118   8.395302 1.065107   1
   460     32 SER    N         3.69700    3.66000    5.27300  10.354645   9.339330 0.901946   1
   462     32 SER    CA        3.54900    3.66000    5.27300  14.485514  13.750125 0.949233   1
   464     32 SER    CB        3.48100    3.79900    5.27800  15.858142  14.991004 0.945319   1
   467     32 SER    OG        3.51400    3.87800    5.16800  13.014985  12.284858 0.943901   1
   469     32 SER    C         3.50100    3.59300    5.14200  12.958042  12.545727 0.968181   1
   470     32 SER    O         3.40300    3.51800    5.14300  15.010989  14.110945 0.940041   1
   471     33 ARG    N         3.57100    3.59300    5.03000   8.169830   7.553223 0.924526   1
   473     33 ARG    CA        3.53300    3.53800    4.89600   5.703297   5.638681 0.988670   1
   475     33 ARG    CB        3.59700    3.62600    4.78900   3.251748   2.733633 nan        0
   478     33 ARG    CG        3.54500    3.76900    4.77900   5.237762   4.644178 0.886672   1
   481     33 ARG    CD        3.39000    3.77700    4.78800   9.990010   9.043478 0.905252   1
   484     33 ARG    NE        3.33100    3.91000    4.75900  12.158841  11.231884 0.923763   1
   486     33 ARG    CZ        3.33000    3.98700    4.65200  11.004995  10.498251 0.953953   1
   487     33 ARG    NH1       3.39300    3.95300    4.54400   7.889111   7.161419 0.907760   1
   490     33 ARG    NH2       3.27500    4.10400    4.64100  13.033966  12.094453 0.927918   1
   493     33 ARG    C         3.59100    3.39900    4.88100   6.000000   5.909545 0.984924   1
   494     33 ARG    O         3.59600    3.34900    4.76900   6.413586   5.678161 0.885333   1
   495     34 ASN    N         3.64600    3.33800    4.98300   6.325674   5.905047 0.933505   1
   497     34 ASN    CA        3.68700    3.19200    4.99600   8.896104   8.880560 0.998253   1
   499     34 ASN    CB        3.56800    3.09300    4.97300  13.538462  13.286357 0.981379   1
   502     34 ASN    CG        3.43500    3.12400    5.03700  15.706294  15.230385 0.969699   1
   503     34 ASN    OD1       3.42200    3.18800    5.13800  16.068931  15.556722 0.968124   1
   504     34 ASN    ND2       3.32800    3.06100    4.99000  18.692308  17.555722 0.939195   1
   507     34 ASN    C         3.82200    3.16100    4.92500   8.281718   8.271364 0.998750   1
   508     34 ASN    O         3.85100    3.04700    4.88500  10.803197  10.420290 0.964556   1
   509     35 LEU    N         3.90800    3.26600    4.91200   5.538462   5.335832 0.963414   1
   511     35 LEU    CA        4.03900    3.26300    4.84300   5.967033   5.709145 0.956781   1
   513     35 LEU    CB        4.05700    3.38600    4.75200   4.453546   4.458271 1.001061   1
   516     35 LEU    CG        3.92500    3.44200    4.67900   2.504496   2.655172 nan        0
   518     35 LEU    CD1       3.95600    3.56800    4.59700   0.868132   0.881559 nan        0
   522     35 LEU    CD2       3.86000    3.33600    4.59000   3.980020   4.187406 nan        0
   526     35 LEU    C         4.15400    3.23000    4.94100   4.539461   4.491254 0.989381   1
   527     35 LEU    O         4.26900    3.22200    4.90400   4.355644   4.514243 1.036412   1
   528     36 THR    N         4.12800    3.19400    5.07100   5.856144   5.829585 0.995465   1
   530     36 THR    CA        4.23200    3.16000    5.16600   5.716284   5.491754 0.960721   1
   532     36 THR    CB        4.25600    3.27300    5.26900   6.349650   6.408296 1.009236   1
   534     36 THR    CG2       4.29400    3.40300    5.20600   4.995005   4.521239 0.905152   1
   538     36 THR    OG1       4.13300    3.29600    5.33600   8.120879   7.543728 0.928930   1
   540     36 THR    C         4.18600    3.02700    5.23300   7.061938   7.036982 0.996466   1
   541     36 THR    O         4.21800    2.99700    5.34900   7.598402   8.049475 1.059364   1
   542     37 LYS    N         4.09100    2.95700    5.17100   8.455544   8.129435 0.961433   1
   544     37 LYS    CA        3.99800    2.86700    5.24100  11.343656  11.234883 0.990411   1
   546     37 LYS    CB        3.86300    2.86300    5.16200  13.971029  13.917041 0.996136   1
   549     37 LYS    CG        3.74100    2.79300    5.23400  18.141858  18.304848 1.008984   1
   552     37 LYS    CD        3.70000    2.85400    5.36300  19.102897  18.882559 0.988466   1
   555     37 LYS    CE        3.65300    2.99900    5.35100  17.263736  16.996002 0.984492   1
   558     37 LYS    NZ        3.59800    3.05300    5.47900  20.674326  19.370315 0.936926   1
   562     37 LYS    C         4.05300    2.72200    5.25500  13.073926  12.917041 0.988000   1
   563     37 LYS    O         4.03700    2.66000    5.35900  15.537463  15.584208 1.003009   1
   564     38 ASP    N         4.12700    2.67500    5.15400  13.147852  12.896552 0.980887   1
   566     38 ASP    CA        4.18700    2.54500    5.13900  16.474525  16.512244 1.002289   1
   568     38 ASP    CB        4.13300    2.45600    5.02300  19.037962  18.797101 0.987348   1
   571     38 ASP    CG        3.98400    2.42600    5.02600  21.479520  21.873063 1.018322   1
   572     38 ASP    OD1       3.91000    2.48500    4.93800  20.987013  21.458771 1.022479   1
   573     38 ASP    OD2       3.93500    2.34300    5.10700  22.366633  22.339330 0.998779   1
   574     38 ASP    C         4.33900    2.56300    5.10900  14.227772  13.761119 0.967201   1
   575     38 ASP    O         4.42000    2.48300    5.15600  15.445554  15.068466 0.975586   1
   576     39 ARG    N         4.37200    2.67100    5.03600  11.274725  11.633683 1.031837   1
   578     39 ARG    CA        4.51000    2.72600    5.03500  10.438561  10.617191 1.017113   1
   580     39 ARG    CB        4.58700    2.66500    4.91500  15.359640  15.035482 0.978895   1
   583     39 ARG    CG        4.54600    2.71500    4.77900  16.367632  15.739130 0.961601   1
   586     39 ARG    CD        4.64100    2.64900    4.67400  19.878122  19.624188 0.987225   1
   589     39 ARG    NE        4.62800    2.72100    4.55300  20.572428  19.626687 0.954029   1
   591     39 ARG    CZ        4.70700    2.71000    4.44600  21.100899  21.038481 0.997042   1
   592     39 ARG    NH1       4.81500    2.63100    4.43800  21.951049  22.509745 1.025452   1
   595     39 ARG    NH2       4.67000    2.76400    4.33000  22.403596  21.106447 0.942101   1
   598     39 ARG    C         4.50400    2.87700    5.02400   7.746254   7.595202 0.980500   1
   599     39 ARG    O         4.39600    2.92600    5.00200   5.675325   5.735132 1.010538   1
   600     40 CYS    N         4.61600    2.94700    5.02500   7.826174   7.765617 0.992262   1
   602     40 CYS    CA        4.62200    3.08800    4.98700   5.516484   5.447276 0.987454   1
   604     40 CYS    CB        4.74900    3.15900    5.04600   4.913087   5.108446 1.039763   1
   607     40 CYS    SG        4.79100    3.15000    5.22700   4.732268   5.441779 1.149931   1
   608     40 CYS    C         4.62000    3.09800    4.83500   6.372627   6.403298 1.004813   1
   609     40 CYS    O         4.70800    3.04500    4.76800   8.533467   8.297851 0.972389   1
   610     41 LYS    N         4.52500    3.17200    4.78100   5.507493   5.390305 0.978722   1
   612     41 LYS    CA        4.52800    3.20800    4.63900   6.441558   6.363818 0.987931   1
   614     41 LYS    CB        4.39200    3.25100    4.58600   6.451548   6.633183 1.028154   1
   617     41 LYS    CG        4.38200    3.28400    4.43600   9.451548   9.011994 0.953494   1
   620     41 LYS    CD        4.24600    3.25200    4.37500  11.148851  11.607696 1.041156   1
   623     41 LYS    CE        4.23500    3.26200    4.22100  14.872128  14.892554 1.001373   1
   626     41 LYS    NZ        4.25700    3.39800    4.17600  12.905095  12.819590 0.993374   1
   630     41 LYS    C         4.63700    3.31300    4.59900   5.242757   4.670665 0.890879   1
   631     41 LYS    O         4.62400    3.42500    4.65500   2.721279   2.316342 nan        0
   632     42 PRO    N         4.74400    3.28300    4.51900   9.657343   8.582709 0.888724   1
   633     42 PRO    CD        4.77600    3.15300    4.46600  13.269730  12.562219 0.946682   1
   636     42 PRO    CG        4.92500    3.15100    4.42900  16.116883  15.550725 0.964872   1
   639     42 PRO    CB        4.95800    3.29800    4.39900  15.086913  14.480760 0.959823   1
   642     42 PRO    CA        4.86500    3.37000    4.50300  10.368631   9.676162 0.933215   1
   644     42 PRO    C         4.84400    3.51100    4.45900   7.864136   6.989005 0.888719   1
   645     42 PRO    O         4.93300    3.59900    4.48500   7.136863   6.396802 0.896304   1
   646     43 VAL    N         4.74000    3.53900    4.37400   7.327672   6.161919 0.840911   1
   648     43 VAL    CA        4.70700    3.66100    4.28800   8.863137   8.390805 0.946708   1
   650     43 VAL    CB        4.78100    3.65100    4.15000  15.051948  14.462269 0.960824   1
   652     43 VAL    CG1       4.75700    3.78400    4.07100  14.918082  14.986007 1.004553   1
   656     43 VAL    CG2       4.93000    3.64500    4.15200  15.352647  14.995002 0.976705   1
   660     43 VAL    C         4.56200    3.66500    4.26700   7.752248   7.332834 0.945898   1
   661     43 VAL    O         4.49200    3.57000    4.23400   9.955045   9.235382 0.927709   1
   662     44 ASN    N         4.49500    3.78300    4.28900   6.219780   5.517741 0.887128   1
   664     44 ASN    CA        4.35600    3.79400    4.24600   5.843157   5.443778 0.931650   1
   666     44 ASN    CB        4.26400    3.71400    4.33700   3.855145   4.275862 nan        0
   669     44 ASN    CG        4.11900    3.70100    4.29000   3.048951   2.778611 nan        0
   670     44 ASN    OD1       4.07300    3.59600    4.23700   4.910090   5.036982 1.025843   1
   671     44 ASN    ND2       4.04300    3.80800    4.31100   1.851149   1.847576 nan        0
   674     44 ASN    C         4.31400    3.94600    4.23100   3.933067   3.597701 nan        0
   675     44 ASN    O         4.29600    4.01900    4.32800   2.669331   2.293353 nan        0
   676     45 THR    N         4.29100    3.99000    4.10500   5.573427   5.368816 0.963288   1
   678     45 THR    CA        4.23900    4.12700    4.07900   4.387612   3.970015 0.904824   1
   680     45 THR    CB        4.27700    4.18000    3.94100   5.085914   5.123438 1.007378   1
   682     45 THR    CG2       4.24400    4.32700    3.92200   4.079920   4.133433 1.013116   1
   686     45 THR    OG1       4.41600    4.17300    3.91800   7.778222   7.332834 0.942739   1
   688     45 THR    C         4.09400    4.13300    4.10600   2.230769   2.200900 nan        0
   689     45 THR    O         4.02000    4.04100    4.06400   2.441558   2.387306 nan        0
   690     46 PHE    N         4.04700    4.23700    4.17900   1.714286   2.285357 nan        0
   692     46 PHE    CA        3.91100    4.28600    4.18100   1.441558   1.000000 nan        0
   694     46 PHE    CB        3.87600    4.30700    4.32500   1.000000   1.000000 nan        0
   697     46 PHE    CG        3.88000    4.18700    4.42200   1.000000   1.000000 nan        0
   698     46 PHE    CD1       3.75600    4.12600    4.45800   1.000000   1.000500 nan        0
   700     46 PHE    CE1       3.74800    4.01300    4.54000   0.979021   0.590705 nan        0
   702     46 PHE    CZ        3.86900    3.96800    4.59800   0.001998   0.000000 nan        0
   704     46 PHE    CE2       3.99100    4.03200    4.57500   0.000000   0.000500 nan        0
   706     46 PHE    CD2       4.00200    4.14100    4.48300   0.884116   0.964518 nan        0
   708     46 PHE    C         3.87400    4.40700    4.09200   1.473526   1.048476 nan        0
   709     46 PHE    O         3.95600    4.50200    4.09200   1.045954   1.000000 nan        0
   710     47 VAL    N         3.76000    4.41300    4.03100   1.588412   1.873063 nan        0
   712     47 VAL    CA        3.71400    4.52600    3.95400   1.723277   1.864068 nan        0
   714     47 VAL    CB        3.66000    4.48800    3.81500   1.959041   1.848076 nan        0
   716     47 VAL    CG1       3.62300    4.61400    3.73600   1.037962   1.008496 nan        0
   720     47 VAL    CG2       3.77500    4.41600    3.74100   1.909091   1.995002 nan        0
   724     47 VAL    C         3.61800    4.61200    4.03500   1.493506   1.007496 nan        0
   725     47 VAL    O         3.53200    4.55200    4.10200   1.591409   1.042979 nan        0
   726     48 HIS    N         3.62800    4.75000    4.03700   2.476523   2.408296 nan        0
   728     48 HIS    CA        3.54500    4.84000    4.12400   3.504496   3.492254 nan        0
   730     48 HIS    CB        3.63100    4.93900    4.19400   4.402597   4.289855 0.974392   1
   733     48 HIS    CG        3.72500    4.89500    4.30000   2.322677   2.444278 nan        0
   734     48 HIS    ND1       3.69300    4.86900    4.43200   1.889111   2.010495 nan        0
   735     48 HIS    CE1       3.80500    4.84500    4.49800   1.443556   1.592704 nan        0
   737     48 HIS    NE2       3.90800    4.85100    4.41600   1.000999   1.001499 nan        0
   739     48 HIS    CD2       3.85900    4.87600    4.28800   1.247752   1.089955 nan        0
   741     48 HIS    C         3.43900    4.91200    4.04400   7.414585   7.128936 0.961475   1
   742     48 HIS    O         3.42400    5.03500    4.03000   9.715285   9.435282 0.971179   1
   743     49 GLU    N         3.36500    4.83000    3.96300   6.055944   6.072964 1.002810   1
   745     49 GLU    CA        3.27400    4.88600    3.85200   7.747253   7.693153 0.993017   1
   747     49 GLU    CB        3.34300    4.87200    3.70900   7.136863   7.239380 1.014364   1
   750     49 GLU    CG        3.48400    4.93500    3.68700   7.523477   7.516242 0.999038   1
   753     49 GLU    CD        3.47400    5.08500    3.67900  13.252747  13.233383 0.998539   1
   754     49 GLU    OE1       3.56000    5.16600    3.71400  13.033966  14.139930 1.084852   1
   755     49 GLU    OE2       3.36000    5.13200    3.64400  16.270729  15.482759 0.951571   1
   756     49 GLU    C         3.14300    4.80300    3.85200   7.647353   7.124938 0.931687   1
   757     49 GLU    O         3.13000    4.71300    3.93500   6.812188   6.936532 1.018253   1
   758     50 SER    N         3.04700    4.83900    3.76700  11.400599  10.171414 0.892182   1
   760     50 SER    CA        2.91400    4.77300    3.77600  12.247752  11.675662 0.953290   1
   762     50 SER    CB        2.80000    4.86100    3.73000  14.958042  14.466767 0.967156   1
   765     50 SER    OG        2.79700    4.86500    3.58600  15.150849  15.049475 0.993309   1
   767     50 SER    C         2.93000    4.64300    3.70100   8.094905   7.982009 0.986053   1
   768     50 SER    O         3.00700    4.63400    3.60300   4.251748   3.928036 0.923864   1
   769     51 LEU    N         2.84600    4.54600    3.73700   8.614386   8.318341 0.965634   1
   771     51 LEU    CA        2.84000    4.41500    3.66900   6.900100   6.639680 0.962259   1
   773     51 LEU    CB        2.74100    4.33100    3.74600  11.961039  11.197901 0.936198   1
   776     51 LEU    CG        2.73400    4.18400    3.69800  13.296703  13.251374 0.996591   1
   778     51 LEU    CD1       2.87000    4.10800    3.72200   8.946054   9.610695 1.074294   1
   782     51 LEU    CD2       2.62000    4.10600    3.77400  17.036963  17.039480 1.000148   1
   786     51 LEU    C         2.80300    4.43300    3.52500   6.676324   6.417791 0.961276   1
   787     51 LEU    O         2.84900    4.35600    3.44800   4.600400   4.791104 1.041454   1
   788     52 ALA    N         2.70200    4.51300    3.48400  11.238761  11.139430 0.991162   1
   790     52 ALA    CA        2.67100    4.54500    3.35000  13.510490  13.169915 0.974792   1
   792     52 ALA    CB        2.56300    4.65600    3.35200  17.650350  16.887056 0.956755   1
   796     52 ALA    C         2.78700    4.60200    3.26200  11.644356  11.626187 0.998440   1
   797     52 ALA    O         2.79700    4.57500    3.14400  12.523477  11.596202 0.925957   1
   798     53 ASP    N         2.86600    4.69000    3.32000   9.916084  10.701649 1.079221   1
   800     53 ASP    CA        2.99100    4.73400    3.26000  10.728272  10.382809 0.967799   1
   802     53 ASP    CB        3.04600    4.86000    3.34000  11.922078  11.581709 0.971451   1
   805     53 ASP    CG        2.95400    4.97800    3.33000  17.705295  17.347826 0.979810   1
   806     53 ASP    OD1       2.90500    5.00700    3.22100  20.387612  19.243378 0.943876   1
   807     53 ASP    OD2       2.92200    5.05300    3.42700  17.725275  18.061969 1.018995   1
   808     53 ASP    C         3.10000    4.63200    3.24900   5.813187   5.566217 0.957516   1
   809     53 ASP    O         3.17000    4.62800    3.14900   6.188811   5.409795 0.874125   1
   810     54 VAL    N         3.10800    4.53900    3.34500   2.073926   1.904048 nan        0
   812     54 VAL    CA        3.19300    4.41900    3.32900   1.109890   0.971014 nan        0
   814     54 VAL    CB        3.24600    4.36600    3.46300   0.987013   0.610695 nan        0
   816     54 VAL    CG1       3.34400    4.25400    3.45100   1.013986   1.002499 nan        0
   820     54 VAL    CG2       3.32300    4.47800    3.52500   1.000000   0.909045 nan        0
   824     54 VAL    C         3.15000    4.31000    3.22500   1.218781   1.034983 nan        0
   825     54 VAL    O         3.22700    4.26600    3.14100   1.095904   1.001499 nan        0
   826     55 GLN    N         3.02600    4.26400    3.22800   1.957043   2.325837 nan        0
   828     55 GLN    CA        2.97800    4.17300    3.12300   4.452547   4.459770 1.001622   1
   830     55 GLN    CB        2.83800    4.12300    3.16400   8.035964   8.076462 1.005040   1
   833     55 GLN    CG        2.83200    4.03500    3.29400   9.025974   8.812594 0.976359   1
   836     55 GLN    CD        2.68600    3.99900    3.32600  13.165834  12.673163 0.962580   1
   837     55 GLN    OE1       2.59100    4.06600    3.27700  15.420579  14.874063 0.964559   1
   838     55 GLN    NE2       2.65700    3.89300    3.39600  12.962038  12.982509 1.001579   1
   841     55 GLN    C         2.99100    4.22800    2.98200   6.193806   5.685657 0.917959   1
   842     55 GLN    O         3.02800    4.15100    2.88600   5.941059   5.467766 0.920335   1
   843     56 ALA    N         2.98100    4.36100    2.96300   9.664336   8.666667 0.896768   1
   845     56 ALA    CA        2.98900    4.41900    2.82700  11.699301  11.194903 0.956886   1
   847     56 ALA    CB        2.93600    4.56100    2.83100  14.059940  13.932034 0.990903   1
   851     56 ALA    C         3.12800    4.41500    2.76100   8.078921   8.101449 1.002789   1
   852     56 ALA    O         3.14200    4.41400    2.64000   8.415584   8.493753 1.009289   1
   853     57 VAL    N         3.23300    4.39700    2.84200   3.940060   3.928536 nan        0
   855     57 VAL    CA        3.36300    4.36600    2.78500   2.210789   2.050975 nan        0
   857     57 VAL    CB        3.47200    4.36300    2.90000   1.308691   1.069465 nan        0
   859     57 VAL    CG1       3.61300    4.32700    2.84700   0.626374   0.223888 nan        0
   863     57 VAL    CG2       3.47000    4.50400    2.97500   2.838162   2.725137 nan        0
   867     57 VAL    C         3.37100    4.24700    2.69400   1.177822   1.192904 nan        0
   868     57 VAL    O         3.45000    4.25200    2.59900   0.982018   0.883558 nan        0
   869     58 CYS    N         3.29000    4.13900    2.71300   1.737263   1.901049 nan        0
   871     58 CYS    CA        3.30100    4.01900    2.62700   3.326673   2.988506 nan        0
   873     58 CYS    CB        3.20900    3.91100    2.69400   4.105894   3.472264 0.845678   1
   876     58 CYS    SG        3.26000    3.85700    2.85600   1.749251   1.418791 nan        0
   877     58 CYS    C         3.25400    4.05300    2.48300   6.342657   5.893053 0.929114   1
   878     58 CYS    O         3.25100    3.96600    2.39300   8.634366   8.366817 0.969013   1
   879     59 SER    N         3.19400    4.17200    2.46000   9.024975   8.961519 0.992969   1
   881     59 SER    CA        3.15600    4.23000    2.33200  13.561439  13.471264 0.993351   1
   883     59 SER    CB        3.01900    4.29300    2.34400  16.920080  16.998501 1.004635   1
   886     59 SER    OG        2.92900    4.19000    2.38800  18.835165  17.366817 0.922042   1
   888     59 SER    C         3.26100    4.33400    2.27400  12.790210  12.592704 0.984558   1
   889     59 SER    O         3.23100    4.40600    2.18100  15.797203  15.185907 0.961304   1
   890     60 GLN    N         3.37400    4.35600    2.34100   7.661339   7.737131 1.009893   1
   892     60 GLN    CA        3.47000    4.45800    2.30900   7.066933   6.807096 0.963232   1
   894     60 GLN    CB        3.50800    4.55300    2.43300   4.825175   4.536232 0.940118   1
   897     60 GLN    CG        3.38400    4.62700    2.47700   8.437562   7.630185 0.904312   1
   900     60 GLN    CD        3.40500    4.71600    2.59900   8.788212   8.554223 0.973375   1
   901     60 GLN    OE1       3.51200    4.77100    2.62300   7.120879   7.222389 1.014255   1
   902     60 GLN    NE2       3.29900    4.74500    2.67400  11.394605  11.005497 0.965852   1
   905     60 GLN    C         3.59400    4.40400    2.22400   7.053946   7.362319 1.043716   1
   906     60 GLN    O         3.57400    4.31700    2.14400  10.210789   9.814093 0.961149   1
   907     61 LYS    N         3.71500    4.45800    2.23900   5.542458   6.151424 1.109873   1
   909     61 LYS    CA        3.83300    4.42900    2.15900   7.932068   8.490755 1.070434   1
   911     61 LYS    CB        3.94300    4.53600    2.19600   9.451548   9.677161 1.023870   1
   914     61 LYS    CG        4.07500    4.50000    2.12600  13.488511  13.167916 0.976232   1
   917     61 LYS    CD        4.18400    4.60500    2.15000  15.852148  15.876562 1.001540   1
   920     61 LYS    CE        4.14900    4.74300    2.11600  19.147852  17.980010 0.939009   1
   923     61 LYS    NZ        4.26300    4.83700    2.12800  20.902098  20.726637 0.991606   1
   927     61 LYS    C         3.88200    4.28800    2.19000   6.588412   6.701149 1.017112   1
   928     61 LYS    O         3.94300    4.26400    2.28900   3.474525   3.903048 nan        0
   929     62 ASN    N         3.86700    4.19700    2.09600   9.508492   9.704148 1.020577   1
   931     62 ASN    CA        3.90400    4.05800    2.11900  10.297702   9.705147 0.942458   1
   933     62 ASN    CB        3.83600    3.97500    2.00900  14.631369  13.785607 0.942195   1
   936     62 ASN    CG        3.88500    3.83400    2.01500  14.652348  13.823088 0.943404   1
   937     62 ASN    OD1       3.95900    3.78800    1.93200  16.923077  16.350825 0.966185   1
   938     62 ASN    ND2       3.84500    3.75700    2.11600  10.315684   9.647676 0.935243   1
   941     62 ASN    C         4.05800    4.03200    2.12300  10.928072   9.918541 0.907620   1
   942     62 ASN    O         4.13800    4.09000    2.04600  14.311688  13.032484 0.910618   1
   943     63 VAL    N         4.10000    3.94500    2.21300   7.660340   6.794603 0.886985   1
   945     63 VAL    CA        4.24200    3.90700    2.23800  10.300699   9.303848 0.903225   1
   947     63 VAL    CB        4.31000    4.00000    2.33900  11.227772  10.546727 0.939343   1
   949     63 VAL    CG1       4.35200    4.14000    2.29400  11.445554  11.819090 1.032636   1
   953     63 VAL    CG2       4.22700    4.02100    2.46700   6.446553   5.981009 0.927784   1
   957     63 VAL    C         4.25100    3.75200    2.26400   9.085914   7.788106 0.857163   1
   958     63 VAL    O         4.15300    3.68700    2.31000   5.810190   4.802099 0.826496   1
   959     64 ALA    N         4.36900    3.69600    2.25000  12.984016  11.825587 0.910780   1
   961     64 ALA    CA        4.39600    3.56400    2.30400  12.107892  11.222389 0.926866   1
   963     64 ALA    CB        4.50500    3.48800    2.22900  15.597403  13.916542 0.892235   1
   967     64 ALA    C         4.43000    3.57200    2.45800   9.528472   8.935532 0.937772   1
   968     64 ALA    O         4.49900    3.66400    2.50200  10.592408  10.351324 0.977240   1
   969     65 CYS    N         4.39400    3.46800    2.53300   5.961039   6.123438 1.027243   1
   971     65 CYS    CA        4.43000    3.44300    2.67200   6.161838   6.004498 0.974465   1
   973     65 CYS    CB        4.33100    3.34200    2.72600   3.730270   3.935532 nan        0
   976     65 CYS    SG        4.15700    3.37600    2.71500   3.100899   3.143928 nan        0
   977     65 CYS    C         4.56500    3.38200    2.68700   7.631369   7.397301 0.969328   1
   978     65 CYS    O         4.61400    3.32100    2.58800   8.559441   9.226387 1.077919   1
   979     66 LYS    N         4.64000    3.39500    2.79700   9.686314   9.825087 1.014327   1
   981     66 LYS    CA        4.78500    3.35100    2.80600  14.723277  14.631184 0.993745   1
   983     66 LYS    CB        4.85900    3.42700    2.92200  17.238761  17.452774 1.012415   1
   986     66 LYS    CG        4.81700    3.38200    3.06400  18.311688  18.005997 0.983306   1
   989     66 LYS    CD        4.79600    3.49100    3.16800  20.427572  18.491254 0.905211   1
   992     66 LYS    CE        4.74400    3.45900    3.31200  18.751249  19.195402 1.023687   1
   995     66 LYS    NZ        4.61100    3.39400    3.31700  20.804196  17.058971 0.819977   1
   999     66 LYS    C         4.79900    3.20100    2.82000  15.581419  15.432784 0.990461   1
  1000     66 LYS    O         4.91100    3.15100    2.80400  18.676324  18.078461 0.967988   1
  1001     67 ASN    N         4.68300    3.12500    2.82700  12.895105  12.964518 1.005383   1
  1003     67 ASN    CA        4.67300    2.97500    2.80300  16.144855  15.750625 0.975582   1
  1005     67 ASN    CB        4.54400    2.92300    2.87600  16.039960  15.458271 0.963735   1
  1008     67 ASN    CG        4.41700    2.97000    2.82300  12.567433  12.385307 0.985508   1
  1009     67 ASN    OD1       4.39700    3.02400    2.71900   8.958042   8.394803 0.937125   1
  1010     67 ASN    ND2       4.31800    2.95900    2.90800  14.748252  14.510745 0.983896   1
  1013     67 ASN    C         4.66500    2.93500    2.65800  16.077922  15.895552 0.988657   1
  1014     67 ASN    O         4.65900    2.81200    2.63100  17.414585  16.863568 0.968359   1
  1015     68 GLY    N         4.66300    3.03000    2.56700  14.728272  13.540230 0.919336   1
  1017     68 GLY    CA        4.66700    3.01300    2.41600  15.447552  14.759120 0.955434   1
  1020     68 GLY    C         4.52600    3.00700    2.34600  14.637363  14.631184 0.999578   1
  1021     68 GLY    O         4.51500    2.99300    2.22400  17.356643  16.791104 0.967417   1
  1022     69 GLN    N         4.41600    3.02900    2.41900  11.707293  11.335332 0.968228   1
  1024     69 GLN    CA        4.27700    3.01600    2.37300  10.808192  10.710145 0.990928   1
  1026     69 GLN    CB        4.18600    2.94700    2.47700  12.667333  12.149425 0.959115   1
  1029     69 GLN    CG        4.22300    2.80300    2.51200  16.699301  16.131934 0.966025   1
  1032     69 GLN    CD        4.11200    2.73900    2.60000  20.601399  19.898051 0.965859   1
  1033     69 GLN    OE1       4.02900    2.65700    2.54700  23.551449  22.405297 0.951334   1
  1034     69 GLN    NE2       4.13400    2.75300    2.72900  19.345654  18.760620 0.969759   1
  1037     69 GLN    C         4.22300    3.15900    2.32700   8.249750   8.455772 1.024973   1
  1038     69 GLN    O         4.26100    3.26500    2.38100   6.013986   6.090455 1.012715   1
  1039     70 THR    N         4.12900    3.15800    2.23500  11.037962  11.048476 1.000953   1
  1041     70 THR    CA        4.08100    3.27500    2.16900  11.795205  11.506247 0.975502   1
  1043     70 THR    CB        4.04900    3.23300    2.02500  17.390609  16.866067 0.969838   1
  1045     70 THR    CG2       3.91300    3.15600    2.00500  19.710290  18.791604 0.953391   1
  1049     70 THR    OG1       4.05200    3.35200    1.94100  18.558442  17.865067 0.962638   1
  1051     70 THR    C         3.97000    3.35800    2.23100   9.372627   8.437281 0.900205   1
  1052     70 THR    O         3.93600    3.46700    2.18100   9.287712   8.122439 0.874536   1
  1053     71 ASN    N         3.92000    3.31200    2.34800   8.845155   8.254373 0.933208   1
  1055     71 ASN    CA        3.80000    3.36800    2.40400   8.138861   7.277861 0.894211   1
  1057     71 ASN    CB        3.72900    3.24600    2.45600  10.461538   9.914043 0.947666   1
  1060     71 ASN    CG        3.78500    3.19600    2.58700   9.317682   8.533733 0.915864   1
  1061     71 ASN    OD1       3.90200    3.17300    2.60000   9.773227   8.056972 0.824392   1
  1062     71 ASN    ND2       3.69400    3.16700    2.67800   9.027972   8.998001 0.996680   1
  1065     71 ASN    C         3.81800    3.47800    2.50800   4.024975   3.417291 0.849022   1
  1066     71 ASN    O         3.72300    3.50600    2.58300   3.556444   2.500750 nan        0
  1067     72 CYS    N         3.93700    3.54400    2.50800   1.558442   1.625187 nan        0
  1069     72 CYS    CA        3.96400    3.66200    2.59500   0.142857   0.129435 nan        0
  1071     72 CYS    CB        4.11000    3.66700    2.64700   1.074925   1.087956 nan        0
  1074     72 CYS    SG        4.13600    3.56900    2.78500   2.865135   2.844578 nan        0
  1075     72 CYS    C         3.92300    3.79700    2.52200   0.164835   0.202399 nan        0
  1076     72 CYS    O         3.93000    3.81400    2.40100   1.210789   1.007996 nan        0
  1077     73 TYR    N         3.89000    3.89800    2.60200   0.000999   0.001000 nan        0
  1079     73 TYR    CA        3.84000    4.02700    2.55100   0.000000   0.000500 nan        0
  1081     73 TYR    CB        3.68600    4.03300    2.54100   0.276723   0.209395 nan        0
  1084     73 TYR    CG        3.61900    3.92600    2.45700   1.960040   2.124438 nan        0
  1085     73 TYR    CD1       3.58800    3.96500    2.32400   4.884116   5.067966 1.037642   1
  1087     73 TYR    CE1       3.53800    3.87300    2.23000   8.250749   8.624188 1.045261   1
  1089     73 TYR    CZ        3.50800    3.74400    2.26800   8.482517   9.125437 1.075794   1
  1090     73 TYR    OH        3.44300    3.66200    2.18800  12.239760  13.036982 1.065134   1
  1092     73 TYR    CE2       3.53600    3.70400    2.40300   4.798202   5.160420 1.075490   1
  1094     73 TYR    CD2       3.59000    3.79700    2.49400   1.386613   1.859070 nan        0
  1096     73 TYR    C         3.89800    4.13300    2.64100   0.000000   0.000000 nan        0
  1097     73 TYR    O         3.88600    4.12600    2.76600   0.263736   0.029485 nan        0
  1098     74 GLN    N         3.95400    4.23300    2.57500   0.019980   0.068966 nan        0
  1100     74 GLN    CA        4.00300    4.35800    2.63400   1.133866   1.052474 nan        0
  1102     74 GLN    CB        4.14000    4.40300    2.58100   3.443556   3.126437 nan        0
  1105     74 GLN    CG        4.21500    4.51300    2.65900   5.472527   4.818091 0.880414   1
  1108     74 GLN    CD        4.35300    4.51700    2.59000   9.615385   8.614193 0.895876   1
  1109     74 GLN    OE1       4.44700    4.43900    2.60900  11.667333  10.612194 0.909565   1
  1110     74 GLN    NE2       4.36100    4.60500    2.49500  12.692308  10.808096 0.851547   1
  1113     74 GLN    C         3.90200    4.47000    2.62500   1.005994   0.999500 nan        0
  1114     74 GLN    O         3.82800    4.48100    2.52200   1.030969   1.008996 nan        0
  1115     75 SER    N         3.89700    4.55300    2.73400   1.847153   1.675662 nan        0
  1117     75 SER    CA        3.80600    4.67900    2.73200   2.400599   2.586207 nan        0
  1119     75 SER    CB        3.76800    4.73500    2.86500   3.328671   3.755622 nan        0
  1122     75 SER    OG        3.89200    4.75700    2.94400   2.332667   2.669165 nan        0
  1124     75 SER    C         3.85300    4.79500    2.65000   3.793207   3.637681 nan        0
  1125     75 SER    O         3.97300    4.81000    2.63200   5.026973   4.951024 0.984892   1
  1126     76 TYR    N         3.76200    4.88000    2.59400   7.155844   7.046477 0.984716   1
  1128     76 TYR    CA        3.79800    5.00300    2.52900  11.614386  11.308346 0.973650   1
  1130     76 TYR    CB        3.67900    5.06300    2.44200  14.094905  14.453773 1.025461   1
  1133     76 TYR    CG        3.62000    4.96200    2.34300  14.975025  14.964518 0.999298   1
  1134     76 TYR    CD1       3.69900    4.86900    2.26400  13.221778  13.356822 1.010214   1
  1136     76 TYR    CE1       3.63400    4.79100    2.16200  12.835165  13.212894 1.029429   1
  1138     76 TYR    CZ        3.49400    4.79100    2.14800  16.099900  15.640180 0.971446   1
  1139     76 TYR    OH        3.44300    4.70700    2.05100  18.414585  17.534233 0.952193   1
  1141     76 TYR    CE2       3.42200    4.87700    2.23200  18.272727  16.897551 0.924742   1
  1143     76 TYR    CD2       3.48200    4.96600    2.32900  17.626374  16.151424 0.916321   1
  1145     76 TYR    C         3.85300    5.11100    2.63200  13.611389  13.066967 0.960002   1
  1146     76 TYR    O         3.96300    5.15600    2.61500  15.705295  14.256372 0.907743   1
  1147     77 SER    N         3.78400    5.15200    2.73300  14.205794  14.174413 0.997791   1
  1149     77 SER    CA        3.82600    5.23000    2.84700  14.671329  14.237881 0.970456   1
  1151     77 SER    CB        3.70600    5.28000    2.93100  17.200799  16.767116 0.974787   1
  1154     77 SER    OG        3.64600    5.39200    2.87100  21.342657  20.566717 0.963644   1
  1156     77 SER    C         3.91300    5.14000    2.93800  10.274725   9.865567 0.960178   1
  1157     77 SER    O         3.89300    5.02100    2.94700   6.079920   6.220890 1.023186   1
  1158     78 THR    N         3.97600    5.21300    3.03200  11.746254  11.321339 0.963826   1
  1160     78 THR    CA        4.01800    5.16400    3.16500   9.229770   8.548226 0.926158   1
  1162     78 THR    CB        4.13300    5.25100    3.22200  12.571429  11.956522 0.951087   1
  1164     78 THR    CG2       4.25100    5.24000    3.12800  13.259740  11.882559 0.896138   1
  1168     78 THR    OG1       4.08300    5.38600    3.22500  16.043956  15.626187 0.973961   1
  1170     78 THR    C         3.90400    5.14800    3.26600   8.918082   8.600200 0.964355   1
  1171     78 THR    O         3.79800    5.20400    3.25900  12.297702  11.825087 0.961569   1
  1172     79 MET    N         3.93500    5.07100    3.36600   5.218781   5.171914 0.991020   1
  1174     79 MET    CA        3.85200    5.03300    3.48100   5.718282   4.946027 0.864950   1
  1176     79 MET    CB        3.80300    4.89100    3.46500   4.581419   3.983508 0.869492   1
  1179     79 MET    CG        3.68900    4.89600    3.36500   6.278721   5.809095 0.925204   1
  1182     79 MET    SD        3.61200    4.73200    3.34600   4.107892   3.792604 0.923248   1
  1183     79 MET    CE        3.47900    4.76000    3.23200   5.805195   5.768616 0.993699   1
  1187     79 MET    C         3.92900    5.06100    3.60400   4.982018   4.790105 0.961479   1
  1188     79 MET    O         4.05000    5.03500    3.61000   2.588412   2.297351 nan        0
  1189     80 SER    N         3.86200    5.09300    3.71400   7.371628   6.795102 0.921791   1
  1191     80 SER    CA        3.91500    5.10100    3.84900   6.872128   6.699150 0.974829   1
  1193     80 SER    CB        3.82800    5.17700    3.95300   9.121878   8.652174 0.948508   1
  1196     80 SER    OG        3.85900    5.16600    4.09300   7.478521   6.960020 0.930668   1
  1198     80 SER    C         3.93400    4.95500    3.90200   3.509491   3.106447 nan        0
  1199     80 SER    O         3.83900    4.87300    3.89400   2.334665   2.113443 nan        0
  1200     81 ILE    N         4.05200    4.93100    3.94900   0.952048   0.991004 nan        0
  1202     81 ILE    CA        4.10200    4.79600    3.98400   0.080919   0.184908 nan        0
  1204     81 ILE    CB        4.17500    4.71200    3.87600   0.515485   0.502249 nan        0
  1206     81 ILE    CG2       4.08500    4.69500    3.75200   0.057942   0.091954 nan        0
  1210     81 ILE    CG1       4.31600    4.75400    3.82800   1.491508   1.651674 nan        0
  1213     81 ILE    CD        4.39700    4.63200    3.76900   2.466533   2.887056 nan        0
  1217     81 ILE    C         4.18100    4.78400    4.11400   0.125874   0.384808 nan        0
  1218     81 ILE    O         4.26300    4.87500    4.13200   0.860140   0.846577 nan        0
  1219     82 THR    N         4.16900    4.67700    4.19500   0.865135   1.031984 nan        0
  1221     82 THR    CA        4.27100    4.64900    4.29700   0.179820   0.407296 nan        0
  1223     82 THR    CB        4.22200    4.64400    4.43400   0.951049   0.976512 nan        0
  1225     82 THR    CG2       4.33000    4.62600    4.53600   0.152847   0.330335 nan        0
  1229     82 THR    OG1       4.17000    4.77000    4.46400   1.145854   1.132934 nan        0
  1231     82 THR    C         4.32900    4.51100    4.25800   1.541459   1.599700 nan        0
  1232     82 THR    O         4.26000    4.40700    4.25900   1.331668   1.566717 nan        0
  1233     83 ASP    N         4.46300    4.51300    4.24300   4.193806   3.946527 0.941037   1
  1235     83 ASP    CA        4.55400    4.40600    4.22600   7.232767   6.998501 0.967610   1
  1237     83 ASP    CB        4.67600    4.46200    4.13700   9.963037   9.478761 0.951393   1
  1240     83 ASP    CG        4.77300    4.35000    4.10900  14.312687  13.198401 0.922147   1
  1241     83 ASP    OD1       4.74000    4.27600    4.01300  15.741259  13.833583 0.878810   1
  1242     83 ASP    OD2       4.88300    4.34800    4.16200  14.049950  14.256872 1.014728   1
  1243     83 ASP    C         4.59100    4.35400    4.36500   4.974026   4.631684 0.931174   1
  1244     83 ASP    O         4.68500    4.40300    4.42200   4.069930   5.390305 1.324422   1
  1245     84 CYS    N         4.52700    4.24900    4.41500   2.996004   2.351324 nan        0
  1247     84 CYS    CA        4.56100    4.18000    4.54100   2.114885   2.039980 nan        0
  1249     84 CYS    CB        4.43300    4.12000    4.59500   1.727273   1.208396 nan        0
  1252     84 CYS    SG        4.31900    4.24900    4.65200   0.331668   0.478261 nan        0
  1253     84 CYS    C         4.66900    4.06700    4.52100   3.405594   2.934033 nan        0
  1254     84 CYS    O         4.64200    3.97800    4.44200   3.933067   3.194903 nan        0
  1255     85 ARG    N         4.78900    4.08200    4.58300   4.272727   4.160420 0.973715   1
  1257     85 ARG    CA        4.90800    4.00100    4.56400   6.692308   6.235382 0.931724   1
  1259     85 ARG    CB        5.02200    4.07900    4.49600  10.115884   9.227886 0.912217   1
  1262     85 ARG    CG        5.14500    3.99500    4.45100  13.187812  11.821589 0.896403   1
  1265     85 ARG    CD        5.11000    3.90200    4.33700  14.993007  14.611194 0.974534   1
  1268     85 ARG    NE        5.23100    3.82600    4.28700  18.365634  17.461769 0.950785   1
  1270     85 ARG    CZ        5.32000    3.87200    4.20500  21.647353  20.822589 0.961900   1
  1271     85 ARG    NH1       5.29200    3.97700    4.13000  22.993007  21.706147 0.944033   1
  1274     85 ARG    NH2       5.43900    3.81600    4.21000  23.910090  22.775112 0.952531   1
  1277     85 ARG    C         4.96300    3.94400    4.69600   4.938062   4.900550 0.992403   1
  1278     85 ARG    O         4.97600    4.00900    4.79800   4.758242   4.559220 0.958173   1
  1279     86 GLU    N         4.98300    3.81000    4.70400   3.903097   4.124938 nan        0
  1281     86 GLU    CA        5.02900    3.74300    4.82600   4.596404   4.828586 1.050514   1
  1283     86 GLU    CB        5.02300    3.58800    4.81500   6.663337   7.357321 1.104150   1
  1286     86 GLU    CG        5.05800    3.51000    4.94400   7.473526   7.779610 1.040956   1
  1289     86 GLU    CD        5.06600    3.35900    4.93300  11.867133  11.386807 0.959525   1
  1290     86 GLU    OE1       5.08900    3.30300    5.04300  13.291708  11.299850 0.850143   1
  1291     86 GLU    OE2       5.05200    3.30000    4.82500  12.713287  12.640180 0.994250   1
  1292     86 GLU    C         5.16800    3.78200    4.86200   8.088911   8.304348 1.026634   1
  1293     86 GLU    O         5.26800    3.77000    4.78900  11.055944  11.592204 1.048504   1
  1294     87 THR    N         5.17900    3.85500    4.97100   7.415584   6.999500 0.943891   1
  1296     87 THR    CA        5.30400    3.91500    5.01200  10.746254  10.533733 0.980224   1
  1298     87 THR    CB        5.27900    4.02500    5.11600  11.615385  11.879560 1.022744   1
  1300     87 THR    CG2       5.24900    3.98100    5.26000  10.887113  11.003498 1.010690   1
  1304     87 THR    OG1       5.38100    4.11700    5.11000  14.845155  14.741129 0.992993   1
  1306     87 THR    C         5.41100    3.82000    5.05500  14.515485  13.893553 0.957154   1
  1307     87 THR    O         5.39800    3.70200    5.08500  12.459540  12.099950 0.971139   1
  1308     88 GLY    N         5.53000    3.87400    5.06600  17.482517  17.203898 0.984063   1
  1310     88 GLY    CA        5.65000    3.80700    5.12400  18.408591  17.897551 0.972239   1
  1313     88 GLY    C         5.61900    3.75100    5.26800  17.612388  17.214893 0.977431   1
  1314     88 GLY    O         5.55600    3.82700    5.34600  16.143856  16.042479 0.993720   1
  1315     89 SER    N         5.66600    3.63100    5.30300  19.808192  18.865567 0.952412   1
  1317     89 SER    CA        5.63700    3.56500    5.42800  19.416583  19.015492 0.979343   1
  1319     89 SER    CB        5.72600    3.63000    5.53100  21.840160  20.981509 0.960685   1
  1322     89 SER    OG        5.86300    3.64900    5.48400  24.202797  22.770115 0.940805   1
  1324     89 SER    C         5.49500    3.54100    5.46800  16.191808  16.266367 1.004605   1
  1325     89 SER    O         5.46700    3.51400    5.58300  15.735265  16.081459 1.022001   1
  1326     90 SER    N         5.40200    3.54800    5.36900  12.038961  11.625687 0.965672   1
  1328     90 SER    CA        5.27100    3.48500    5.39200   9.940060   9.961519 1.002159   1
  1330     90 SER    CB        5.17200    3.52800    5.27800   6.626374   6.945027 1.048089   1
  1333     90 SER    OG        5.05600    3.44400    5.28200   4.675325   5.298851 1.133365   1
  1335     90 SER    C         5.27800    3.32900    5.41300  11.756244  12.323838 1.048280   1
  1336     90 SER    O         5.37400    3.26300    5.36900  14.377622  15.092954 1.049753   1
  1337     91 LYS    N         5.17600    3.27100    5.47300  10.505495  10.365317 0.986657   1
  1339     91 LYS    CA        5.14100    3.12900    5.45600  11.841159  11.330835 0.956903   1
  1341     91 LYS    CB        5.23200    3.03800    5.55100  14.798202  15.103448 1.020627   1
  1344     91 LYS    CG        5.19900    3.06400    5.69900  15.226773  15.763618 1.035257   1
  1347     91 LYS    CD        5.29000    2.98400    5.78800  19.024975  19.123438 1.005175   1
  1350     91 LYS    CE        5.23800    2.83500    5.80300  19.945055  20.012494 1.003381   1
  1353     91 LYS    NZ        5.34200    2.74400    5.85600  23.480519  22.839080 0.972682   1
  1357     91 LYS    C         4.99800    3.10100    5.48800   7.937063   8.032984 1.012085   1
  1358     91 LYS    O         4.92200    3.18400    5.54400   4.891109   4.896052 1.001011   1
  1359     92 TYR    N         4.94800    2.97800    5.44800   9.061938   8.685657 0.958477   1
  1361     92 TYR    CA        4.81900    2.93200    5.49000   7.781219   7.507246 0.964791   1
  1363     92 TYR    CB        4.78100    2.81400    5.40200   9.971029   9.800600 0.982908   1
  1366     92 TYR    CG        4.65200    2.74000    5.43200  11.821179  11.266367 0.953066   1
  1367     92 TYR    CD1       4.52600    2.79200    5.38800   8.229770   8.126937 0.987505   1
  1369     92 TYR    CE1       4.40500    2.72900    5.43200  10.161838  10.103448 0.994254   1
  1371     92 TYR    CZ        4.41400    2.60600    5.49800  14.304695  14.398801 1.006579   1
  1372     92 TYR    OH        4.29600    2.53200    5.51200  16.703297  16.679660 0.998585   1
  1374     92 TYR    CE2       4.54600    2.55400    5.53300  16.620380  16.029985 0.964478   1
  1376     92 TYR    CD2       4.66000    2.62400    5.50500  15.374625  14.887556 0.968320   1
  1378     92 TYR    C         4.81700    2.89700    5.63800   9.147852   8.548726 0.934506   1
  1379     92 TYR    O         4.92300    2.84700    5.68300  11.891109  10.971014 0.922623   1
  1380     93 PRO    N         4.71100    2.91600    5.71600   9.828172   9.513743 0.968007   1
  1381     93 PRO    CD        4.69700    2.85700    5.84800  13.716284  13.445777 0.980278   1
  1384     93 PRO    CG        4.56700    2.91700    5.90400  16.668332  16.134933 0.967999   1
  1387     93 PRO    CB        4.48400    2.93100    5.77700  14.156843  13.724138 0.969435   1
  1390     93 PRO    CA        4.58700    2.98500    5.68300   9.714286   9.703148 0.998854   1
  1392     93 PRO    C         4.60700    3.14000    5.70700   9.304695   8.900550 0.956565   1
  1393     93 PRO    O         4.51500    3.21400    5.68900  10.204795  10.078461 0.987620   1
  1394     94 ASN    N         4.72000    3.18200    5.75800  11.182817  10.125937 0.905491   1
  1396     94 ASN    CA        4.75600    3.32600    5.79800  13.735265  12.954523 0.943158   1
  1398     94 ASN    CB        4.87700    3.32700    5.88900  16.470529  14.737631 0.894788   1
  1401     94 ASN    CG        4.86000    3.24300    6.01500  18.913087  17.545727 0.927703   1
  1402     94 ASN    OD1       4.90300    3.12700    6.01000  18.081918  16.228386 0.897492   1
  1403     94 ASN    ND2       4.80300    3.29200    6.11900  22.165834  20.288856 0.915321   1
  1406     94 ASN    C         4.77400    3.42100    5.67600  11.097902  10.766617 0.970149   1
  1407     94 ASN    O         4.86500    3.51200    5.67500  11.489510  11.490755 1.000108   1
  1408     95 CYS    N         4.70700    3.39700    5.56600   8.403596   7.848576 0.933954   1
  1410     95 CYS    CA        4.74100    3.44700    5.42800   5.951049   5.468266 0.918874   1
  1412     95 CYS    CB        4.64300    3.38700    5.33400   4.251748   3.688656 0.867562   1
  1415     95 CYS    SG        4.62500    3.20500    5.31800   4.673327   4.592204 0.982641   1
  1416     95 CYS    C         4.73000    3.59900    5.43000   7.352647   6.941529 0.944086   1
  1417     95 CYS    O         4.63700    3.65900    5.47800   8.155844   8.603198 1.054851   1
  1418     96 ALA    N         4.83600    3.65800    5.37200   7.171828   5.618191 0.783369   1
  1420     96 ALA    CA        4.85300    3.80300    5.37100   9.418581   7.861569 0.834687   1
  1422     96 ALA    CB        4.95900    3.84200    5.47600  11.773227  10.782609 0.915858   1
  1426     96 ALA    C         4.88300    3.85300    5.23000   5.447552   3.930535 0.721523   1
  1427     96 ALA    O         4.94300    3.78400    5.14800   2.601399   0.931534 nan        0
  1428     97 TYR    N         4.83000    3.96800    5.20400   5.692308   4.889555 0.858976   1
  1430     97 TYR    CA        4.81900    4.03100    5.07500   3.842158   3.334333 nan        0
  1432     97 TYR    CB        4.68100    4.00400    5.02000   2.054945   1.806097 nan        0
  1435     97 TYR    CG        4.64000    3.86100    4.99700   1.271728   1.034983 nan        0
  1436     97 TYR    CD1       4.68000    3.79400    4.88000   0.068931   0.016992 nan        0
  1438     97 TYR    CE1       4.66300    3.65500    4.87600   0.082917   0.025487 nan        0
  1440     97 TYR    CZ        4.58100    3.59600    4.96900   0.551449   0.276362 nan        0
  1441     97 TYR    OH        4.54900    3.46700    4.94700   0.605395   0.231884 nan        0
  1443     97 TYR    CE2       4.53100    3.66200    5.07900   1.705295   1.306347 nan        0
  1445     97 TYR    CD2       4.56900    3.79400    5.09700   1.998002   1.439280 nan        0
  1447     97 TYR    C         4.84700    4.18400    5.08200   5.958042   5.729135 0.961580   1
  1448     97 TYR    O         4.78100    4.25700    5.15000   7.326673   6.587206 0.899072   1
  1449     98 LYS    N         4.92900    4.23100    4.99200   7.038961   7.148426 1.015551   1
  1451     98 LYS    CA        4.94700    4.37000    4.94200   9.394605   9.511244 1.012416   1
  1453     98 LYS    CB        5.07100    4.37200    4.85100  12.269730  11.672664 0.951338   1
  1456     98 LYS    CG        5.10000    4.50900    4.79400  14.606394  14.974513 1.025203   1
  1459     98 LYS    CD        5.13100    4.62900    4.89300  18.105894  18.522239 1.022995   1
  1462     98 LYS    CE        5.24000    4.59000    4.99600  20.929071  20.589205 0.983761   1
  1465     98 LYS    NZ        5.27300    4.69300    5.09500  23.104895  22.710645 0.982936   1
  1469     98 LYS    C         4.81900    4.41800    4.87900   6.786214   6.850075 1.009410   1
  1470     98 LYS    O         4.76000    4.34400    4.79800   3.951049   4.151424 nan        0
  1471     99 THR    N         4.77100    4.53900    4.90800   7.797203   7.792604 0.999410   1
  1473     99 THR    CA        4.67200    4.60800    4.83000   6.876124   7.011994 1.019760   1
  1475     99 THR    CB        4.57300    4.68000    4.92300   6.024975   6.374313 1.057982   1
  1477     99 THR    CG2       4.46600    4.75700    4.86400   5.469530   5.945527 1.087027   1
  1481     99 THR    OG1       4.50100    4.58200    5.00300   4.280719   4.049975 0.946097   1
  1483     99 THR    C         4.73500    4.70300    4.73500   9.575425   8.812594 0.920335   1
  1484     99 THR    O         4.81300    4.78500    4.78500  12.411588  11.783108 0.949363   1
  1485    100 THR    N         4.70600    4.70400    4.60700   7.952048   7.298851 0.917858   1
  1487    100 THR    CA        4.74700    4.80700    4.51800  10.570430   9.856572 0.932467   1
  1489    100 THR    CB        4.86200    4.75700    4.42900  13.158841  13.321839 1.012387   1
  1491    100 THR    CG2       4.92700    4.85700    4.32900  16.199800  16.511744 1.019256   1
  1495    100 THR    OG1       4.97100    4.69200    4.49900  14.514486  14.291354 0.984627   1
  1497    100 THR    C         4.62700    4.85500    4.43300   8.015984   7.775112 0.969951   1
  1498    100 THR    O         4.57100    4.77500    4.35600   4.187812   4.392304 1.048830   1
  1499    101 GLN    N         4.59000    4.97800    4.43700   9.954046   8.722639 0.876291   1
  1501    101 GLN    CA        4.48100    5.03400    4.35500   9.332667   8.080960 0.865879   1
  1503    101 GLN    CB        4.40800    5.14300    4.44700  12.569431  10.705647 0.851721   1
  1506    101 GLN    CG        4.30000    5.21500    4.36000  11.997003  10.570715 0.881113   1
  1509    101 GLN    CD        4.18000    5.13700    4.31100   7.312687   5.982009 0.818032   1
  1510    101 GLN    OE1       4.13100    5.04700    4.37900   4.079920   3.277361 0.803291   1
  1511    101 GLN    NE2       4.12400    5.18100    4.19800   7.249750   6.226887 0.858910   1
  1514    101 GLN    C         4.54000    5.09900    4.22500  11.772228  11.094953 0.942468   1
  1515    101 GLN    O         4.64500    5.15900    4.22900  15.298701  14.523238 0.949312   1
  1516    102 ALA    N         4.47100    5.08300    4.11300   8.755245   8.292854 0.947187   1
  1518    102 ALA    CA        4.51400    5.13000    3.97300  10.095904   9.664668 0.957286   1
  1520    102 ALA    CB        4.60100    5.02900    3.90300   9.414585   9.380310 0.996359   1
  1524    102 ALA    C         4.38600    5.16000    3.88600   7.753247   7.364818 0.949901   1
  1525    102 ALA    O         4.26700    5.12300    3.90800   5.086913   4.851074 0.953638   1
  1526    103 ASN    N         4.41600    5.23800    3.78000  11.564436  11.158921 0.964934   1
  1528    103 ASN    CA        4.33100    5.24400    3.66500  10.560440  10.424788 0.987155   1
  1530    103 ASN    CB        4.28400    5.38400    3.64300  15.227772  14.905047 0.978807   1
  1533    103 ASN    CG        4.18800    5.43700    3.75100  17.292707  16.567716 0.958075   1
  1534    103 ASN    OD1       4.23200    5.51000    3.83900  19.096903  18.527736 0.970196   1
  1535    103 ASN    ND2       4.05900    5.40600    3.75400  16.239760  15.019490 0.924859   1
  1538    103 ASN    C         4.39800    5.18000    3.54800   9.980020  10.333833 1.035452   1
  1539    103 ASN    O         4.49600    5.23000    3.49200  13.214785  13.168916 0.996529   1
  1540    104 LYS    N         4.36300    5.05400    3.51300   6.231768   6.536232 1.048857   1
  1542    104 LYS    CA        4.41500    4.98300    3.39300   5.117882   5.338831 1.043172   1
  1544    104 LYS    CB        4.49500    4.85900    3.44800   6.078921   6.153923 1.012338   1
  1547    104 LYS    CG        4.62800    4.89700    3.51000  10.503497  10.956022 1.043083   1
  1550    104 LYS    CD        4.72600    4.77800    3.52900  12.980020  13.532234 1.042543   1
  1553    104 LYS    CE        4.86000    4.83600    3.58200  16.477522  17.201399 1.043931   1
  1556    104 LYS    NZ        4.95900    4.72600    3.59900  19.921079  20.170415 1.012516   1
  1560    104 LYS    C         4.29700    4.93300    3.30800   2.617383   3.027486 nan        0
  1561    104 LYS    O         4.18200    4.94300    3.35100   2.102897   2.216892 nan        0
  1562    105 HIS    N         4.32700    4.88200    3.18300   3.563437   3.142429 nan        0
  1564    105 HIS    CA        4.24500    4.79000    3.11100   1.953047   1.469265 nan        0
  1566    105 HIS    CB        4.29900    4.77800    2.96300   4.049950   3.561719 0.879448   1
  1569    105 HIS    CG        4.28800    4.90800    2.88600   8.486513   7.513743 0.885375   1
  1570    105 HIS    ND1       4.38500    5.01000    2.85900  12.866134  12.572714 0.977194   1
  1571    105 HIS    CE1       4.32300    5.10000    2.78200  14.796204  14.673663 0.991718   1
  1573    105 HIS    NE2       4.19300    5.06200    2.75900  12.650350  11.942529 0.944047   1
  1575    105 HIS    CD2       4.17200    4.94900    2.83000   8.533467   7.536232 0.883138   1
  1577    105 HIS    C         4.25200    4.65300    3.17100   1.088911   1.060970 nan        0
  1578    105 HIS    O         4.33200    4.61300    3.25700   1.175824   1.327836 nan        0
  1579    106 ILE    N         4.14800    4.58000    3.13400   0.954046   1.004998 nan        0
  1581    106 ILE    CA        4.12800    4.44200    3.18800   1.495504   1.983508 nan        0
  1583    106 ILE    CB        4.00400    4.42800    3.28100   1.530470   2.000000 nan        0
  1585    106 ILE    CG2       4.03500    4.53900    3.38500   1.527473   2.000000 nan        0
  1589    106 ILE    CG1       3.87000    4.46500    3.20900   1.550450   2.000000 nan        0
  1592    106 ILE    CD        3.75700    4.41800    3.29400   1.999001   2.000000 nan        0
  1596    106 ILE    C         4.11300    4.33800    3.07300   1.326673   1.898551 nan        0
  1597    106 ILE    O         4.06400    4.37800    2.96700   1.000999   1.034483 nan        0
  1598    107 ILE    N         4.15500    4.21500    3.09200   1.444555   1.995002 nan        0
  1600    107 ILE    CA        4.13100    4.10800    2.99300   1.707293   1.702149 nan        0
  1602    107 ILE    CB        4.26200    4.06100    2.92900   4.393606   4.034983 0.918376   1
  1604    107 ILE    CG2       4.24200    3.93800    2.83600   3.643357   3.663168 nan        0
  1608    107 ILE    CG1       4.34300    4.16200    2.84500   5.222777   4.794103 0.917922   1
  1611    107 ILE    CD        4.42300    4.26400    2.93200   5.758242   5.596202 0.971859   1
  1615    107 ILE    C         4.05800    3.99000    3.06300   1.554446   2.039980 nan        0
  1616    107 ILE    O         4.09800    3.94300    3.17000   1.644356   2.012994 nan        0
  1617    108 VAL    N         3.94700    3.95500    3.00500   1.526474   1.938531 nan        0
  1619    108 VAL    CA        3.86000    3.84800    3.05800   1.526474   1.984008 nan        0
  1621    108 VAL    CB        3.72800    3.90800    3.12100   1.530470   2.000000 nan        0
  1623    108 VAL    CG1       3.73600    3.93500    3.26500   2.000000   2.000000 nan        0
  1627    108 VAL    CG2       3.66000    4.02600    3.04100   1.525475   2.000000 nan        0
  1631    108 VAL    C         3.81800    3.74800    2.95100   0.993007   0.666667 nan        0
  1632    108 VAL    O         3.78500    3.78200    2.84100   0.043956   0.000000 nan        0
  1633    109 ALA    N         3.82000    3.62000    2.99500   0.539461   0.251374 nan        0
  1635    109 ALA    CA        3.76800    3.50000    2.91300   1.715285   1.929035 nan        0
  1637    109 ALA    CB        3.83900    3.36400    2.95600   2.494505   2.878561 nan        0
  1641    109 ALA    C         3.62100    3.47800    2.92800   1.010989   1.418791 nan        0
  1642    109 ALA    O         3.56600    3.50400    3.03200   0.558442   0.584208 nan        0
  1643    110 CYS    N         3.55200    3.46000    2.82100   1.795205   1.806597 nan        0
  1645    110 CYS    CA        3.40600    3.46900    2.81600   1.219780   1.216392 nan        0
  1647    110 CYS    CB        3.37000    3.60000    2.73200   0.759241   0.731634 nan        0
  1650    110 CYS    SG        3.42700    3.74500    2.80800   0.005994   0.001000 nan        0
  1651    110 CYS    C         3.35100    3.33300    2.75400   4.198801   4.233383 1.008236   1
  1652    110 CYS    O         3.40300    3.27600    2.65600   6.943057   6.896052 0.993230   1
  1653    111 GLU    N         3.24300    3.28300    2.81200   5.437562   5.516242 1.014470   1
  1655    111 GLU    CA        3.17200    3.16600    2.76200   9.999001   9.984008 0.998501   1
  1657    111 GLU    CB        3.21300    3.03700    2.82900  14.119880  14.035982 0.994058   1
  1660    111 GLU    CG        3.36000    3.01500    2.84100  14.357642  14.427286 1.004851   1
  1663    111 GLU    CD        3.40900    2.87700    2.89100  19.398601  19.173913 0.988417   1
  1664    111 GLU    OE1       3.53300    2.85700    2.90700  20.090909  18.956522 0.943537   1
  1665    111 GLU    OE2       3.32400    2.78400    2.92100  21.829171  21.298851 0.975706   1
  1666    111 GLU    C         3.02900    3.17700    2.79400  11.763237  11.542229 0.981212   1
  1667    111 GLU    O         2.99200    3.25700    2.88200   8.115884   8.439280 1.039847   1
  1668    112 GLY    N         2.93900    3.10600    2.72600  15.718282  15.226387 0.968706   1
  1670    112 GLY    CA        2.80200    3.09600    2.77000  15.589411  14.844578 0.952222   1
  1673    112 GLY    C         2.69400    3.16300    2.69000  15.774226  15.081959 0.956114   1
  1674    112 GLY    O         2.71100    3.22100    2.58600  15.535465  15.417791 0.992425   1
  1675    113 ASN    N         2.57400    3.14500    2.73800  17.153846  16.342829 0.952721   1
  1677    113 ASN    CA        2.46000    3.22100    2.68900  17.238761  16.873063 0.978786   1
  1679    113 ASN    CB        2.37300    3.14600    2.59000  20.765235  20.171914 0.971427   1
  1682    113 ASN    CG        2.25900    3.23100    2.53400  21.845155  21.562719 0.987071   1
  1683    113 ASN    OD1       2.14400    3.20900    2.57400  23.020979  22.277861 0.967720   1
  1684    113 ASN    ND2       2.28700    3.31900    2.44800  20.848152  20.854573 1.000308   1
  1687    113 ASN    C         2.37400    3.27000    2.80600  17.971029  17.159420 0.954838   1
  1688    113 ASN    O         2.29600    3.18600    2.85400  19.395604  18.893053 0.974089   1
  1689    114 PRO    N         2.38100    3.39200    2.86100  17.175824  16.618691 0.967563   1
  1690    114 PRO    CD        2.30300    3.42600    2.98000  19.253746  19.020490 0.987885   1
  1693    114 PRO    CG        2.35100    3.56000    3.02500  19.167832  18.747626 0.978078   1
  1696    114 PRO    CB        2.42100    3.62700    2.90700  18.251748  17.137931 0.938975   1
  1699    114 PRO    CA        2.45100    3.50800    2.80700  15.777223  14.861569 0.941964   1
  1701    114 PRO    C         2.60000    3.48000    2.80800  11.318681  10.907046 0.963632   1
  1702    114 PRO    O         2.64900    3.42100    2.90000   9.445554   9.247376 0.979019   1
  1703    115 TYR    N         2.67400    3.54700    2.72100  10.914086  10.459270 0.958328   1
  1705    115 TYR    CA        2.81800    3.54600    2.70400   9.919081   9.492754 0.957019   1
  1707    115 TYR    CB        2.84500    3.57400    2.56400  11.725275  11.124438 0.948757   1
  1710    115 TYR    CG        2.98100    3.54100    2.51100  12.221778  12.297351 1.006183   1
  1711    115 TYR    CD1       3.01800    3.40300    2.50100  12.363636  12.048476 0.974509   1
  1713    115 TYR    CE1       3.14300    3.36600    2.44800  12.145854  11.814093 0.972685   1
  1715    115 TYR    CZ        3.22700    3.47000    2.39800  12.812188  12.171914 0.950026   1
  1716    115 TYR    OH        3.33900    3.43200    2.33700  13.296703  13.052974 0.981670   1
  1718    115 TYR    CE2       3.18500    3.60700    2.40900  11.266733  10.948526 0.971757   1
  1720    115 TYR    CD2       3.06500    3.64100    2.46700  12.097902  11.396802 0.942048   1
  1722    115 TYR    C         2.88000    3.64600    2.80500   7.877123   7.096452 0.900894   1
  1723    115 TYR    O         2.85000    3.76400    2.78500   8.241758   7.502249 0.910273   1
  1724    116 VAL    N         2.94500    3.59800    2.90900   4.816184   4.308346 0.894556   1
  1726    116 VAL    CA        2.98200    3.68100    3.02900   6.305694   5.780110 0.916649   1
  1728    116 VAL    CB        2.87400    3.66700    3.13500   8.791209   8.293853 0.943426   1
  1730    116 VAL    CG1       2.73600    3.72200    3.09200  11.446553  11.051974 0.965529   1
  1734    116 VAL    CG2       2.85800    3.52800    3.18500   9.267732   8.706147 0.939404   1
  1738    116 VAL    C         3.11800    3.62900    3.07900   3.491508   3.503748 nan        0
  1739    116 VAL    O         3.16000    3.51800    3.04500   2.561439   2.625687 nan        0
  1740    117 PRO    N         3.19300    3.70500    3.16400   2.274725   2.224388 nan        0
  1741    117 PRO    CD        3.17100    3.84300    3.21000   2.459540   2.277361 nan        0
  1744    117 PRO    CG        3.31200    3.89600    3.24700   1.329670   1.549725 nan        0
  1747    117 PRO    CB        3.38900    3.77400    3.29800   1.514486   1.486257 nan        0
  1750    117 PRO    CA        3.32500    3.66400    3.21400   1.109890   1.242879 nan        0
  1752    117 PRO    C         3.31200    3.53300    3.29500   1.816184   2.171414 nan        0
  1753    117 PRO    O         3.22100    3.50200    3.37200   3.306693   3.451774 nan        0
  1754    118 VAL    N         3.41800    3.44600    3.26600   2.097902   2.241879 nan        0
  1756    118 VAL    CA        3.44500    3.31200    3.31600   5.297702   4.985007 0.940975   1
  1758    118 VAL    CB        3.42500    3.21300    3.19600   7.574426   6.951524 0.917763   1
  1760    118 VAL    CG1       3.51700    3.08700    3.22100  11.028971   9.727136 0.881962   1
  1764    118 VAL    CG2       3.27500    3.19100    3.17500   7.567433   7.011994 0.926601   1
  1768    118 VAL    C         3.59000    3.29900    3.38300   6.918082   6.154923 0.889686   1
  1769    118 VAL    O         3.60300    3.25800    3.49500   8.745255   6.930035 0.792434   1
  1770    119 HIS    N         3.70000    3.34700    3.32700   6.221778   6.424288 1.032549   1
  1772    119 HIS    CA        3.82500    3.37400    3.40200   8.164835   8.336832 1.021066   1
  1774    119 HIS    CB        3.92600    3.25800    3.38900  13.214785  13.143928 0.994638   1
  1777    119 HIS    CG        4.00700    3.25900    3.26200  13.794206  13.438281 0.974198   1
  1778    119 HIS    ND1       4.12400    3.32900    3.24900  11.511489  11.955522 1.038573   1
  1779    119 HIS    CE1       4.17500    3.30200    3.13000  10.026973  10.221889 1.019439   1
  1781    119 HIS    NE2       4.09900    3.20700    3.06700  10.792208  10.224888 0.947432   1
  1783    119 HIS    CD2       3.98900    3.18700    3.14700  13.173826  11.697151 0.887908   1
  1785    119 HIS    C         3.88000    3.51300    3.38000   5.631369   5.019990 0.891433   1
  1786    119 HIS    O         3.90400    3.55300    3.27100   3.455544   3.700150 nan        0
  1787    120 PHE    N         3.93700    3.56900    3.48700   8.370629   7.704648 0.920438   1
  1789    120 PHE    CA        4.02400    3.69200    3.47300   7.678322   7.729135 1.006618   1
  1791    120 PHE    CB        4.04300    3.76800    3.61300   8.225774   8.249375 1.002869   1
  1794    120 PHE    CG        4.10700    3.91200    3.60800   7.314685   7.311344 0.999543   1
  1795    120 PHE    CD1       4.24100    3.92200    3.57200   8.611389   9.056472 1.051685   1
  1797    120 PHE    CE1       4.30400    4.05000    3.57400   7.732268   8.317841 1.075731   1
  1799    120 PHE    CZ        4.23200    4.16500    3.61100   5.370629   6.056972 1.127795   1
  1801    120 PHE    CE2       4.09700    4.15400    3.65000   4.535465   4.606197 1.015595   1
  1803    120 PHE    CD2       4.04100    4.02900    3.64900   4.434565   4.204398 0.948097   1
  1805    120 PHE    C         4.15900    3.64900    3.42200   9.247752   8.534733 0.922898   1
  1806    120 PHE    O         4.22300    3.56500    3.49200  13.191808  12.408296 0.940606   1
  1807    121 ASP    N         4.20900    3.71300    3.31500   6.798202   5.958021 0.876411   1
  1809    121 ASP    CA        4.33500    3.67400    3.25600   8.868132   8.141429 0.918055   1
  1811    121 ASP    CB        4.32500    3.65900    3.09800   6.136863   5.414793 0.882339   1
  1814    121 ASP    CG        4.44200    3.57000    3.04600   7.074925   6.977011 0.986160   1
  1815    121 ASP    OD1       4.46200    3.45500    3.09400   7.580420   7.738131 1.020805   1
  1816    121 ASP    OD2       4.51300    3.61800    2.95500   7.622378   7.235882 0.949295   1
  1817    121 ASP    C         4.45000    3.76100    3.29800  12.115884  10.890555 0.898866   1
  1818    121 ASP    O         4.53500    3.69800    3.36300  14.692308  13.869565 0.944002   1
  1819    122 ALA    N         4.45100    3.88900    3.26400   9.843157   9.454273 0.960492   1
  1821    122 ALA    CA        4.54400    4.00000    3.29300  11.938062  11.418791 0.956503   1
  1823    122 ALA    CB        4.65600    3.99500    3.18700  12.993007  12.392304 0.953767   1
  1827    122 ALA    C         4.47400    4.13500    3.30300   9.522478   8.446277 0.886983   1
  1828    122 ALA    O         4.35700    4.14500    3.26900   5.233766   4.443278 0.848964   1
  1829    123 SER    N         4.54800    4.23700    3.35600  10.768232  10.249875 0.951862   1
  1831    123 SER    CA        4.52500    4.37600    3.32100   7.288711   7.246877 0.994260   1
  1833    123 SER    CB        4.50700    4.45600    3.45400   6.327672   6.666167 1.053494   1
  1836    123 SER    OG        4.61600    4.44700    3.54000  10.243756   9.486257 0.926053   1
  1838    123 SER    C         4.64100    4.43400    3.23700   9.738262   8.886057 0.912489   1
  1839    123 SER    O         4.74800    4.37700    3.23400  13.824176  12.707646 0.919234   1
  1840    124 VAL    N         4.61200    4.54600    3.16700   9.140859   7.705147 0.842935   1
  1842    124 VAL    CA        4.71400    4.62700    3.09600  13.071928  12.403798 0.948888   1
  1844    124 VAL    CB        4.68900    4.61200    2.94200  15.189810  15.004498 0.987800   1
  1846    124 VAL    CG1       4.76500    4.71800    2.85800  18.800200  17.651174 0.938882   1
  1850    124 VAL    CG2       4.72300    4.46800    2.89200  13.851149  14.196402 1.024926   1
  1854    124 VAL    C         4.71400    4.76800    3.15400  13.893107  12.405797 0.892946   1
  1855    124 VAL    OC1       4.61500    4.84200    3.15300  10.657343   9.648176 0.905308   1
  1856    124 VAL    OC2       4.82700    4.79800    3.20400  17.154845  15.667666 0.913309   1
