# atom_index_1based resid resname atomname x_nm y_nm z_nm n0 nS eta surface
     1      1 LYS    N         2.58900    2.26500    4.25600  24.262737  17.846577 0.735555   1
     5      1 LYS    CA        2.72500    2.30600    4.21200  22.382617  17.927536 0.800958   1
     7      1 LYS    CB        2.77800    2.19800    4.11600  22.290709  17.734633 0.795606   1
    10      1 LYS    CG        2.92000    2.22600    4.06700  22.548452  17.373813 0.770510   1
    13      1 LYS    CD        2.97700    2.11100    3.98200  23.803197  18.207396 0.764914   1
    16      1 LYS    CE        3.11200    2.13300    3.91100  24.443556  17.861069 0.730707   1
    19      1 LYS    NZ        3.22000    2.16200    4.00800  26.087912  19.260870 0.738306   1
    23      1 LYS    C         2.73300    2.46000    4.16100  20.643357  16.237381 0.786567   1
    24      1 LYS    O         2.64900    2.51100    4.09200  20.863137  15.292854 0.733008   1
    25      2 GLU    N         2.84400    2.53100    4.20200  19.004995  15.774113 0.829998   1
    27      2 GLU    CA        2.87100    2.66300    4.14900  16.716284  13.191404 0.789135   1
    29      2 GLU    CB        2.98600    2.71700    4.22600  16.271728  13.845577 0.850898   1
    32      2 GLU    CG        3.02700    2.85900    4.19300  13.604396  11.881559 0.873362   1
    35      2 GLU    CD        3.14800    2.90100    4.26900  15.491508  12.398801 0.800361   1
    36      2 GLU    OE1       3.24400    2.82300    4.28000  17.086913  13.215892 0.773451   1
    37      2 GLU    OE2       3.14600    3.00400    4.34100  13.675325  11.898051 0.870038   1
    38      2 GLU    C         2.89900    2.66600    4.00200  14.210789  11.578711 0.814783   1
    39      2 GLU    O         2.97300    2.58700    3.94300  14.018981  11.077461 0.790176   1
    40      3 THR    N         2.83500    2.76000    3.93300  13.928072  10.976012 0.788050   1
    42      3 THR    CA        2.85800    2.77200    3.78900  14.628372  11.651674 0.796512   1
    44      3 THR    CB        2.74500    2.83100    3.70300  17.049950  13.102449 0.768474   1
    46      3 THR    CG2       2.62000    2.74500    3.71600  19.586414  14.320840 0.731162   1
    50      3 THR    OG1       2.72600    2.96600    3.74100  16.569431  12.823088 0.773900   1
    52      3 THR    C         2.98900    2.85200    3.76200  11.802198   9.695652 0.821512   1
    53      3 THR    O         3.04200    2.91800    3.85200   9.893107   8.197401 0.828597   1
    54      4 ALA    N         3.04400    2.85000    3.64300  14.327672  12.003498 0.837784   1
    56      4 ALA    CA        3.17500    2.91400    3.61700  12.741259  11.449775 0.898638   1
    58      4 ALA    CB        3.22500    2.85500    3.48600  16.311688  14.326337 0.878287   1
    62      4 ALA    C         3.17900    3.06500    3.60800  10.240759   8.832584 0.862493   1
    63      4 ALA    O         3.27600    3.12800    3.65100   6.748252   6.985507 1.035158   1
    64      5 ALA    N         3.06000    3.12400    3.57500  10.465534   9.284858 0.887184   1
    66      5 ALA    CA        3.04200    3.26600    3.57300  10.759241   9.580710 0.890463   1
    68      5 ALA    CB        2.92900    3.30000    3.47700  12.200799  10.748126 0.880936   1
    72      5 ALA    C         3.00900    3.32100    3.70900   9.070929   7.985007 0.880286   1
    73      5 ALA    O         3.04800    3.43600    3.73600   7.212787   6.436282 0.892343   1
    74      6 ALA    N         2.94000    3.24700    3.79800  11.320679   9.535232 0.842284   1
    76      6 ALA    CA        2.91900    3.27800    3.93900  11.233766  10.227886 0.910459   1
    78      6 ALA    CB        2.82300    3.17000    3.99800  12.972028  10.465767 0.806795   1
    82      6 ALA    C         3.04600    3.27700    4.01700   8.388611   7.387306 0.880635   1
    83      6 ALA    O         3.07200    3.36500    4.09500   7.550450   7.002499 0.927428   1
    84      7 LYS    N         3.13300    3.18400    3.98500   5.070929   4.515242 0.890417   1
    86      7 LYS    CA        3.27000    3.17800    4.03100   4.889111   3.756622 0.768365   1
    88      7 LYS    CB        3.34000    3.04300    4.00700   8.571429   6.457771 0.753407   1
    91      7 LYS    CG        3.48700    3.03300    4.06000  11.342657  10.171914 0.896784   1
    94      7 LYS    CD        3.53300    2.88500    4.08200  16.485514  14.355322 0.870784   1
    97      7 LYS    CE        3.54600    2.81000    3.94800  18.476523  15.625187 0.845678   1
   100      7 LYS    NZ        3.59300    2.67100    3.97800  22.908092  18.469765 0.806255   1
   104      7 LYS    C         3.35500    3.30200    3.99500   3.389610   2.921039 nan        0
   105      7 LYS    O         3.43300    3.34800    4.07900   3.557443   2.850575 nan        0
   106      8 PHE    N         3.35100    3.34600    3.86800   3.616384   2.969015 nan        0
   108      8 PHE    CA        3.41500    3.46800    3.83400   3.835165   3.276862 nan        0
   110      8 PHE    CB        3.38200    3.49400    3.68500   3.828172   3.039480 nan        0
   113      8 PHE    CG        3.43200    3.63100    3.63300   3.918082   2.779610 nan        0
   114      8 PHE    CD1       3.56900    3.65100    3.59700   4.484515   3.705647 0.826321   1
   116      8 PHE    CE1       3.62500    3.77300    3.59000   3.826174   3.410295 nan        0
   118      8 PHE    CZ        3.54700    3.88500    3.61000   2.900100   2.304348 nan        0
   120      8 PHE    CE2       3.41200    3.86600    3.64100   2.178821   2.635182 nan        0
   122      8 PHE    CD2       3.35500    3.74100    3.65300   2.893107   2.408296 nan        0
   124      8 PHE    C         3.36200    3.59000    3.92000   2.572428   2.115442 nan        0
   125      8 PHE    O         3.45100    3.66100    3.96900   1.986014   1.990505 nan        0
   126      9 GLU    N         3.23300    3.61200    3.93200   4.535465   4.092954 0.902433   1
   128      9 GLU    CA        3.16100    3.72500    4.00900   6.427572   6.917041 1.076151   1
   130      9 GLU    CB        3.01000    3.71500    4.00400  11.091908  10.740130 0.968285   1
   133      9 GLU    CG        2.94100    3.79500    3.89500  11.600400  10.738131 0.925669   1
   136      9 GLU    CD        2.79000    3.76400    3.89700  17.074925  14.334333 0.839496   1
   137      9 GLU    OE1       2.74700    3.66200    3.83400  15.903097  14.046977 0.883286   1
   138      9 GLU    OE2       2.72000    3.83000    3.97600  19.932068  16.867566 0.846253   1
   139      9 GLU    C         3.20200    3.71800    4.15600   6.218781   6.389805 1.027501   1
   140      9 GLU    O         3.24300    3.82200    4.19900   5.804196   5.999000 1.033563   1
   141     10 ARG    N         3.20500    3.60000    4.22500   7.388611   6.623688 0.896473   1
   143     10 ARG    CA        3.26400    3.58600    4.36200   7.105894   6.382309 0.898171   1
   145     10 ARG    CB        3.22600    3.45100    4.41800   9.063936   7.942029 0.876223   1
   148     10 ARG    CG        3.30200    3.41600    4.54300   9.986014   7.975512 0.798668   1
   151     10 ARG    CD        3.26000    3.27400    4.59400  12.185814  10.500250 0.861678   1
   154     10 ARG    NE        3.30400    3.16800    4.49700  12.052947  10.937031 0.907416   1
   156     10 ARG    CZ        3.42400    3.11100    4.49000  10.714286  10.105447 0.943175   1
   157     10 ARG    NH1       3.43400    2.99700    4.43000  12.753247  11.699650 0.917386   1
   160     10 ARG    NH2       3.53200    3.15500    4.54200   9.010989   8.655172 0.960513   1
   163     10 ARG    C         3.41500    3.62000    4.36200   3.673327   3.533233 nan        0
   164     10 ARG    O         3.46200    3.68800    4.45400   3.269730   2.972014 nan        0
   165     11 GLN    N         3.49900    3.57400    4.27000   1.016983   1.010495 nan        0
   167     11 GLN    CA        3.64200    3.60400    4.27000   0.601399   0.497251 nan        0
   169     11 GLN    CB        3.70200    3.51000    4.16900   3.832168   3.514243 nan        0
   172     11 GLN    CG        3.71200    3.37000    4.22300   6.374625   5.826587 0.914028   1
   175     11 GLN    CD        3.78200    3.27600    4.12400  10.514486   9.024988 0.858338   1
   176     11 GLN    OE1       3.77700    3.28900    4.00500  10.924076   8.875562 0.812477   1
   177     11 GLN    NE2       3.83400    3.16800    4.17900  13.345654  11.847576 0.887748   1
   180     11 GLN    C         3.68100    3.74900    4.24900   0.116883   0.126437 nan        0
   181     11 GLN    O         3.77900    3.79500    4.30400   0.068931   0.083458 nan        0
   182     12 HIS    N         3.61100    3.80900    4.15300   0.606394   0.529235 nan        0
   184     12 HIS    CA        3.66200    3.92400    4.07700   0.649351   0.469265 nan        0
   186     12 HIS    CB        3.69400    3.88800    3.93500   1.574426   1.710145 nan        0
   189     12 HIS    CG        3.81100    3.78600    3.93100   4.450549   3.718641 0.835546   1
   190     12 HIS    ND1       3.94100    3.80600    3.96700   4.870130   4.746127 0.974538   1
   192     12 HIS    CE1       4.00600    3.69600    3.94500   6.062937   5.568716 0.918485   1
   194     12 HIS    NE2       3.92700    3.59700    3.89500   6.633367   6.262869 0.944146   1
   195     12 HIS    CD2       3.80100    3.65800    3.88100   5.420579   4.417291 0.814911   1
   197     12 HIS    C         3.58700    4.05900    4.09200   1.508492   0.846077 nan        0
   198     12 HIS    O         3.64000    4.15700    4.04900   1.992008   1.735632 nan        0
   199     13 MET    N         3.46600    4.06700    4.15200   3.097902   2.404298 nan        0
   201     13 MET    CA        3.39200    4.19500    4.14900   5.106893   4.182909 0.819071   1
   203     13 MET    CB        3.24900    4.16900    4.08800   5.050949   4.330835 0.857430   1
   206     13 MET    CG        3.24000    4.14300    3.93800   4.178821   3.791104 0.907219   1
   209     13 MET    SD        3.31300    4.26300    3.82900   2.455544   1.678661 nan        0
   210     13 MET    CE        3.19600    4.40600    3.85700   3.749251   2.510245 nan        0
   214     13 MET    C         3.36900    4.24300    4.29000   6.565435   5.702149 0.868511   1
   215     13 MET    O         3.35200    4.16400    4.38100   8.414585   6.922039 0.822624   1
   216     14 ASP    N         3.34700    4.36700    4.29600   5.562438   5.338331 0.959711   1
   218     14 ASP    CA        3.29100    4.42700    4.41900   8.047952   6.891054 0.856249   1
   220     14 ASP    CB        3.37900    4.43000    4.54000   7.216783   7.072964 0.980071   1
   223     14 ASP    CG        3.29200    4.46700    4.66400  11.214785  10.046977 0.895869   1
   224     14 ASP    OD1       3.19400    4.39500    4.69200  14.347652  11.965017 0.833936   1
   225     14 ASP    OD2       3.30800    4.57100    4.72700  10.810190  10.356822 0.958061   1
   226     14 ASP    C         3.22300    4.56700    4.39200   6.838162   6.311844 0.923032   1
   227     14 ASP    O         3.28200    4.67300    4.40500   5.076923   5.238381 1.031802   1
   228     15 SER    N         3.11500    4.55800    4.32100  10.058941   8.336332 0.828748   1
   230     15 SER    CA        3.05800    4.68100    4.25900  11.643357   8.802599 0.756019   1
   232     15 SER    CB        2.93900    4.64500    4.18200  13.579421  10.399800 0.765850   1
   235     15 SER    OG        2.97500    4.56100    4.07600  11.809191   8.573713 0.726020   1
   237     15 SER    C         3.01900    4.78600    4.36800  14.219780  10.178911 0.715828   1
   238     15 SER    O         2.98100    4.89600    4.33000  15.489510  10.944028 0.706544   1
   239     16 SER    N         3.01300    4.75300    4.49800  16.041958  10.633683 0.662867   1
   241     16 SER    CA        2.98000    4.84800    4.60700  18.142857  12.435282 0.685409   1
   243     16 SER    CB        2.89100    4.76600    4.70400  21.065934  13.282859 0.630537   1
   246     16 SER    OG        2.97100    4.66200    4.77000  21.646354  13.845077 0.639603   1
   248     16 SER    C         3.09800    4.91600    4.67100  17.418581  11.772114 0.675837   1
   249     16 SER    O         3.07800    5.01000    4.74800  19.380619  12.783608 0.659608   1
   250     17 THR    N         3.21300    4.88300    4.62500  13.308691   9.887056 0.742902   1
   252     17 THR    CA        3.33700    4.95700    4.63700  11.786214   9.282359 0.787561   1
   254     17 THR    CB        3.45100    4.86900    4.69100   9.638362   8.150925 0.845675   1
   256     17 THR    CG2       3.55000    4.95200    4.75300   9.223776   8.194903 0.888454   1
   260     17 THR    OG1       3.40800    4.79100    4.80500  11.572428  10.338331 0.893359   1
   262     17 THR    C         3.37400    5.02800    4.50700  10.420579   7.976012 0.765410   1
   263     17 THR    O         3.35100    4.97400    4.40000   8.681319   6.736632 0.775992   1
   264     18 SER    N         3.42800    5.15400    4.52000  13.406593   9.318341 0.695057   1
   266     18 SER    CA        3.48400    5.24000    4.41300  14.285714  10.316842 0.722179   1
   268     18 SER    CB        3.42700    5.38100    4.42400  19.428571  13.749125 0.707676   1
   271     18 SER    OG        3.46100    5.46300    4.31300  22.109890  15.448776 0.698727   1
   273     18 SER    C         3.63100    5.23600    4.39800  11.842158   8.472764 0.715475   1
   274     18 SER    O         3.67600    5.25100    4.28500  11.407592   9.019990 0.790701   1
   275     19 ALA    N         3.70300    5.21800    4.50800   9.494505   6.800600 0.716267   1
   277     19 ALA    CA        3.85000    5.21700    4.50900   9.202797   5.115942 0.555912   1
   279     19 ALA    CB        3.90300    5.36200    4.49500  13.379620   8.172914 0.610848   1
   283     19 ALA    C         3.90200    5.16600    4.64600   7.112887   3.258871 0.458164   1
   284     19 ALA    O         3.83300    5.19900    4.74400   9.585415   5.049975 0.526839   1
   285     20 ALA    N         4.00500    5.08400    4.65200   4.481518   2.712144 0.605184   1
   287     20 ALA    CA        4.03800    5.02300    4.78200   4.716284   3.347826 0.709844   1
   289     20 ALA    CB        4.13600    4.90000    4.76200   2.916084   1.895552 nan        0
   293     20 ALA    C         4.08100    5.12800    4.88000   7.869131   4.918541 0.625042   1
   294     20 ALA    O         4.18500    5.18900    4.86900   9.796204   6.313343 0.644468   1
   295     21 SER    N         4.00000    5.15000    4.98200  11.145854   7.168916 0.643191   1
   297     21 SER    CA        4.00200    5.25300    5.08000  15.735265  10.475262 0.665719   1
   299     21 SER    CB        3.86600    5.27800    5.15200  18.481518  12.695152 0.686911   1
   302     21 SER    OG        3.79900    5.15300    5.17100  17.467532  12.316842 0.705128   1
   304     21 SER    C         4.11900    5.24900    5.17400  17.414585  10.711144 0.615067   1
   305     21 SER    O         4.14200    5.34700    5.24800  20.619381  12.824088 0.621943   1
   306     22 SER    N         4.19300    5.14000    5.18200  14.442557   8.841579 0.612189   1
   308     22 SER    CA        4.28400    5.11100    5.29200  14.760240   9.840580 0.666695   1
   310     22 SER    CB        4.21600    5.06700    5.42400  15.853147  11.071964 0.698408   1
   313     22 SER    OG        4.15700    4.93100    5.41800  12.224775   8.584208 0.702198   1
   315     22 SER    C         4.38500    5.00600    5.25800  12.299700   7.942029 0.645709   1
   316     22 SER    O         4.36800    4.93400    5.16200   9.162837   6.899050 0.752938   1
   317     23 SER    N         4.50000    4.99700    5.32200  16.282717  11.300350 0.694009   1
   319     23 SER    CA        4.60100    4.89700    5.28800  15.917083  10.653173 0.669292   1
   321     23 SER    CB        4.72500    4.91600    5.37900  20.174825  13.518741 0.670080   1
   324     23 SER    OG        4.68600    4.91900    5.51600  21.620380  13.716642 0.634431   1
   326     23 SER    C         4.55600    4.75300    5.31000  13.003996   7.343828 0.564736   1
   327     23 SER    O         4.61800    4.65500    5.27100  11.226773   6.255872 0.557228   1
   328     24 ASN    N         4.44400    4.73700    5.38400  11.270729   6.801599 0.603475   1
   330     24 ASN    CA        4.39700    4.61100    5.43700  10.234765   6.359820 0.621394   1
   332     24 ASN    CB        4.35600    4.64100    5.58500  13.735265   9.087956 0.661651   1
   335     24 ASN    CG        4.34700    4.51200    5.66300  15.060939   9.322339 0.618975   1
   336     24 ASN    OD1       4.42900    4.42200    5.64200  17.351648   9.544228 0.550047   1
   337     24 ASN    ND2       4.26100    4.49900    5.75600  16.236763  10.474763 0.645126   1
   340     24 ASN    C         4.28100    4.54200    5.35900   6.004995   3.799600 0.632740   1
   341     24 ASN    O         4.25700    4.42100    5.37600   6.036963   2.828086 0.468462   1
   342     25 TYR    N         4.22900    4.62000    5.26300   4.367632   3.476762 0.796029   1
   344     25 TYR    CA        4.13500    4.56900    5.16600   3.877123   3.431284 nan        0
   346     25 TYR    CB        4.13300    4.65600    5.04400   3.901099   3.180910 nan        0
   349     25 TYR    CG        4.02700    4.61900    4.94100   3.687313   2.840080 nan        0
   350     25 TYR    CD1       3.89700    4.67200    4.96300   5.724276   5.107446 0.892243   1
   352     25 TYR    CE1       3.79000    4.64500    4.87600   7.145854   5.624188 0.787056   1
   354     25 TYR    CZ        3.82000    4.58600    4.75300   4.459540   2.595702 0.582056   1
   355     25 TYR    OH        3.72400    4.56500    4.66100   3.980020   2.378311 nan        0
   357     25 TYR    CE2       3.94600    4.52200    4.73000   2.256743   1.533233 nan        0
   359     25 TYR    CD2       4.04800    4.54600    4.82100   2.445554   1.414293 nan        0
   361     25 TYR    C         4.15200    4.42100    5.12400   2.888112   2.225887 nan        0
   362     25 TYR    O         4.06700    4.33100    5.14700   3.283716   2.029985 nan        0
   363     26 CYS    N         4.26100    4.38300    5.05400   1.026973   1.023488 nan        0
   365     26 CYS    CA        4.28400    4.24600    5.00300   0.958042   1.001499 nan        0
   367     26 CYS    CB        4.41500    4.23800    4.93700   0.996004   1.000000 nan        0
   370     26 CYS    SG        4.43600    4.34200    4.79000   1.207792   1.062969 nan        0
   371     26 CYS    C         4.27600    4.14100    5.11400   1.425574   1.112444 nan        0
   372     26 CYS    O         4.23600    4.03100    5.08500   1.708292   1.109445 nan        0
   373     27 ASN    N         4.32000    4.16000    5.24200   3.652348   2.128936 nan        0
   375     27 ASN    CA        4.32100    4.06300    5.34500   6.584416   3.916542 0.594820   1
   377     27 ASN    CB        4.39800    4.12500    5.46900  11.062937   6.280360 0.567694   1
   380     27 ASN    CG        4.55400    4.13200    5.45900  11.478521   7.055472 0.614667   1
   381     27 ASN    OD1       4.61500    4.04900    5.39500   9.751249   6.067966 0.622276   1
   382     27 ASN    ND2       4.60500    4.23500    5.52200  13.517483   8.152924 0.603139   1
   385     27 ASN    C         4.17700    4.02600    5.39600   7.511489   4.091454 0.544693   1
   386     27 ASN    O         4.15800    3.91800    5.45300   8.253746   4.823588 0.584412   1
   387     28 GLN    N         4.08200    4.11400    5.37200   6.692308   3.091954 0.462016   1
   389     28 GLN    CA        3.94100    4.09400    5.40800   8.820180   4.517241 0.512148   1
   391     28 GLN    CB        3.89200    4.23500    5.44300  11.361638   6.742629 0.593456   1
   394     28 GLN    CG        3.95800    4.31800    5.54900  14.912088   8.572714 0.574884   1
   397     28 GLN    CD        3.89900    4.45800    5.56100  18.412587  11.583208 0.629092   1
   398     28 GLN    OE1       3.81600    4.49700    5.47700  18.371628  11.584208 0.630549   1
   399     28 GLN    NE2       3.93400    4.53600    5.66000  19.541459  12.637681 0.646711   1
   402     28 GLN    C         3.86800    4.04100    5.28200   7.101898   3.239880 0.456199   1
   403     28 GLN    O         3.80700    3.93100    5.29300   8.068931   3.533733 0.437943   1
   404     29 MET    N         3.90300    4.09400    5.16500   4.586414   1.884058 0.410791   1
   406     29 MET    CA        3.83400    4.04200    5.04700   3.530470   1.788106 nan        0
   408     29 MET    CB        3.84600    4.16000    4.94100   2.817183   1.924038 nan        0
   411     29 MET    CG        3.76200    4.27700    4.97700   5.842158   4.535232 0.776294   1
   414     29 MET    SD        3.58500    4.24900    4.97300   9.537463   6.889055 0.722315   1
   415     29 MET    CE        3.56300    4.17800    4.81000   8.022977   5.416792 0.675160   1
   419     29 MET    C         3.88200    3.90900    5.00300   1.574426   0.644178 nan        0
   420     29 MET    O         3.80400    3.83000    4.94900   1.701299   0.725137 nan        0
   421     30 MET    N         4.00700    3.86800    5.03000   0.348651   0.075962 nan        0
   423     30 MET    CA        4.04700    3.73700    4.98800   0.511489   0.725637 nan        0
   425     30 MET    CB        4.20300    3.72500    4.98300   0.472527   0.218891 nan        0
   428     30 MET    CG        4.25700    3.80800    4.86600   0.134865   0.034483 nan        0
   431     30 MET    SD        4.23500    3.73500    4.70500   0.000000   0.000000 nan        0
   432     30 MET    CE        4.37900    3.62200    4.69000   0.000000   0.007496 nan        0
   436     30 MET    C         3.98500    3.63100    5.08100   1.891109   1.227386 nan        0
   437     30 MET    O         3.95500    3.52200    5.03300   1.591409   1.201399 nan        0
   438     31 LYS    N         3.98300    3.65300    5.21000   4.451548   2.872564 0.645295   1
   440     31 LYS    CA        3.92000    3.57100    5.31600   8.210789   5.448276 0.663551   1
   442     31 LYS    CB        3.94200    3.63700    5.45400  12.484515   7.941029 0.636070   1
   445     31 LYS    CG        3.86300    3.56100    5.56000  17.321678  11.521739 0.665163   1
   448     31 LYS    CD        3.88900    3.61300    5.70400  21.422577  14.605197 0.681767   1
   451     31 LYS    CE        4.03500    3.61100    5.75000  21.548452  14.652174 0.679964   1
   454     31 LYS    NZ        4.08000    3.48000    5.79100  21.468531  15.651674 0.729052   1
   458     31 LYS    C         3.77500    3.55100    5.28000   7.496503   5.148426 0.686777   1
   459     31 LYS    O         3.73100    3.43500    5.27700   7.882118   6.004998 0.761851   1
   460     32 SER    N         3.69700    3.66000    5.27300  10.354645   6.970515 0.673178   1
   462     32 SER    CA        3.54900    3.66000    5.27300  14.485514  10.244378 0.707215   1
   464     32 SER    CB        3.48100    3.79900    5.27800  15.858142  10.699150 0.674679   1
   467     32 SER    OG        3.51400    3.87800    5.16800  13.014985   9.001499 0.691626   1
   469     32 SER    C         3.50100    3.59300    5.14200  12.958042   9.684658 0.747386   1
   470     32 SER    O         3.40300    3.51800    5.14300  15.010989  10.719640 0.714120   1
   471     33 ARG    N         3.57100    3.59300    5.03000   8.169830   6.052474 0.740832   1
   473     33 ARG    CA        3.53300    3.53800    4.89600   5.703297   4.359320 0.764351   1
   475     33 ARG    CB        3.59700    3.62600    4.78900   3.251748   2.157921 nan        0
   478     33 ARG    CG        3.54500    3.76900    4.77900   5.237762   3.964018 0.756815   1
   481     33 ARG    CD        3.39000    3.77700    4.78800   9.990010   7.918041 0.792596   1
   484     33 ARG    NE        3.33100    3.91000    4.75900  12.158841   9.779610 0.804321   1
   486     33 ARG    CZ        3.33000    3.98700    4.65200  11.004995   9.320340 0.846919   1
   487     33 ARG    NH1       3.39300    3.95300    4.54400   7.889111   6.493753 0.823129   1
   490     33 ARG    NH2       3.27500    4.10400    4.64100  13.033966  10.292354 0.789656   1
   493     33 ARG    C         3.59100    3.39900    4.88100   6.000000   5.750625 0.958437   1
   494     33 ARG    O         3.59600    3.34900    4.76900   6.413586   4.947526 0.771413   1
   495     34 ASN    N         3.64600    3.33800    4.98300   6.325674   6.053973 0.957048   1
   497     34 ASN    CA        3.68700    3.19200    4.99600   8.896104   8.528236 0.958648   1
   499     34 ASN    CB        3.56800    3.09300    4.97300  13.538462  12.854073 0.949449   1
   502     34 ASN    CG        3.43500    3.12400    5.03700  15.706294  13.901549 0.885094   1
   503     34 ASN    OD1       3.42200    3.18800    5.13800  16.068931  13.247876 0.824440   1
   504     34 ASN    ND2       3.32800    3.06100    4.99000  18.692308  14.922539 0.798325   1
   507     34 ASN    C         3.82200    3.16100    4.92500   8.281718   8.290855 1.001103   1
   508     34 ASN    O         3.85100    3.04700    4.88500  10.803197  10.230885 0.947024   1
   509     35 LEU    N         3.90800    3.26600    4.91200   5.538462   5.676162 1.024863   1
   511     35 LEU    CA        4.03900    3.26300    4.84300   5.967033   6.024488 1.009629   1
   513     35 LEU    CB        4.05700    3.38600    4.75200   4.453546   4.632684 1.040223   1
   516     35 LEU    CG        3.92500    3.44200    4.67900   2.504496   2.683658 nan        0
   518     35 LEU    CD1       3.95600    3.56800    4.59700   0.868132   1.078461 nan        0
   522     35 LEU    CD2       3.86000    3.33600    4.59000   3.980020   4.205397 nan        0
   526     35 LEU    C         4.15400    3.23000    4.94100   4.539461   5.032484 1.108608   1
   527     35 LEU    O         4.26900    3.22200    4.90400   4.355644   4.866067 1.117186   1
   528     36 THR    N         4.12800    3.19400    5.07100   5.856144   5.241379 0.895022   1
   530     36 THR    CA        4.23200    3.16000    5.16600   5.716284   5.302349 0.927587   1
   532     36 THR    CB        4.25600    3.27300    5.26900   6.349650   5.798101 0.913137   1
   534     36 THR    CG2       4.29400    3.40300    5.20600   4.995005   4.316842 0.864232   1
   538     36 THR    OG1       4.13300    3.29600    5.33600   8.120879   6.442279 0.793298   1
   540     36 THR    C         4.18600    3.02700    5.23300   7.061938   6.799600 0.962852   1
   541     36 THR    O         4.21800    2.99700    5.34900   7.598402   7.274863 0.957420   1
   542     37 LYS    N         4.09100    2.95700    5.17100   8.455544   8.049975 0.952035   1
   544     37 LYS    CA        3.99800    2.86700    5.24100  11.343656  10.808096 0.952788   1
   546     37 LYS    CB        3.86300    2.86300    5.16200  13.971029  12.606697 0.902346   1
   549     37 LYS    CG        3.74100    2.79300    5.23400  18.141858  16.043478 0.884335   1
   552     37 LYS    CD        3.70000    2.85400    5.36300  19.102897  15.782609 0.826189   1
   555     37 LYS    CE        3.65300    2.99900    5.35100  17.263736  14.185907 0.821717   1
   558     37 LYS    NZ        3.59800    3.05300    5.47900  20.674326  14.810595 0.716376   1
   562     37 LYS    C         4.05300    2.72200    5.25500  13.073926  12.420790 0.950043   1
   563     37 LYS    O         4.03700    2.66000    5.35900  15.537463  13.681159 0.880527   1
   564     38 ASP    N         4.12700    2.67500    5.15400  13.147852  11.998001 0.912545   1
   566     38 ASP    CA        4.18700    2.54500    5.13900  16.474525  14.209395 0.862507   1
   568     38 ASP    CB        4.13300    2.45600    5.02300  19.037962  15.986007 0.839691   1
   571     38 ASP    CG        3.98400    2.42600    5.02600  21.479520  18.456772 0.859273   1
   572     38 ASP    OD1       3.91000    2.48500    4.93800  20.987013  18.110945 0.862960   1
   573     38 ASP    OD2       3.93500    2.34300    5.10700  22.366633  18.091954 0.808881   1
   574     38 ASP    C         4.33900    2.56300    5.10900  14.227772  11.151924 0.783814   1
   575     38 ASP    O         4.42000    2.48300    5.15600  15.445554  11.567716 0.748935   1
   576     39 ARG    N         4.37200    2.67100    5.03600  11.274725   9.377811 0.831755   1
   578     39 ARG    CA        4.51000    2.72600    5.03500  10.438561   8.705647 0.833989   1
   580     39 ARG    CB        4.58700    2.66500    4.91500  15.359640  11.423288 0.743721   1
   583     39 ARG    CG        4.54600    2.71500    4.77900  16.367632  11.889055 0.726376   1
   586     39 ARG    CD        4.64100    2.64900    4.67400  19.878122  13.948026 0.701677   1
   589     39 ARG    NE        4.62800    2.72100    4.55300  20.572428  13.705647 0.666214   1
   591     39 ARG    CZ        4.70700    2.71000    4.44600  21.100899  14.941029 0.708075   1
   592     39 ARG    NH1       4.81500    2.63100    4.43800  21.951049  15.006497 0.683635   1
   595     39 ARG    NH2       4.67000    2.76400    4.33000  22.403596  14.928036 0.666323   1
   598     39 ARG    C         4.50400    2.87700    5.02400   7.746254   6.375312 0.823019   1
   599     39 ARG    O         4.39600    2.92600    5.00200   5.675325   5.454773 0.961138   1
   600     40 CYS    N         4.61600    2.94700    5.02500   7.826174   7.387806 0.943987   1
   602     40 CYS    CA        4.62200    3.08800    4.98700   5.516484   5.345827 0.969064   1
   604     40 CYS    CB        4.74900    3.15900    5.04600   4.913087   4.890055 0.995312   1
   607     40 CYS    SG        4.79100    3.15000    5.22700   4.732268   4.831584 1.020987   1
   608     40 CYS    C         4.62000    3.09800    4.83500   6.372627   5.878561 0.922470   1
   609     40 CYS    O         4.70800    3.04500    4.76800   8.533467   7.762119 0.909609   1
   610     41 LYS    N         4.52500    3.17200    4.78100   5.507493   5.353323 0.972007   1
   612     41 LYS    CA        4.52800    3.20800    4.63900   6.441558   6.103948 0.947589   1
   614     41 LYS    CB        4.39200    3.25100    4.58600   6.451548   6.426787 0.996162   1
   617     41 LYS    CG        4.38200    3.28400    4.43600   9.451548   8.249875 0.872860   1
   620     41 LYS    CD        4.24600    3.25200    4.37500  11.148851  10.753623 0.964550   1
   623     41 LYS    CE        4.23500    3.26200    4.22100  14.872128  13.386307 0.900094   1
   626     41 LYS    NZ        4.25700    3.39800    4.17600  12.905095  11.435782 0.886145   1
   630     41 LYS    C         4.63700    3.31300    4.59900   5.242757   4.151924 0.791935   1
   631     41 LYS    O         4.62400    3.42500    4.65500   2.721279   2.410795 nan        0
   632     42 PRO    N         4.74400    3.28300    4.51900   9.657343   5.999000 0.621185   1
   633     42 PRO    CD        4.77600    3.15300    4.46600  13.269730   8.967516 0.675787   1
   636     42 PRO    CG        4.92500    3.15100    4.42900  16.116883  10.798601 0.670018   1
   639     42 PRO    CB        4.95800    3.29800    4.39900  15.086913   9.166417 0.607574   1
   642     42 PRO    CA        4.86500    3.37000    4.50300  10.368631   6.319840 0.609515   1
   644     42 PRO    C         4.84400    3.51100    4.45900   7.864136   4.140430 0.526495   1
   645     42 PRO    O         4.93300    3.59900    4.48500   7.136863   4.035982 0.565512   1
   646     43 VAL    N         4.74000    3.53900    4.37400   7.327672   3.336832 0.455374   1
   648     43 VAL    CA        4.70700    3.66100    4.28800   8.863137   5.466267 0.616742   1
   650     43 VAL    CB        4.78100    3.65100    4.15000  15.051948   9.011494 0.598693   1
   652     43 VAL    CG1       4.75700    3.78400    4.07100  14.918082  10.163918 0.681315   1
   656     43 VAL    CG2       4.93000    3.64500    4.15200  15.352647   8.197401 0.533941   1
   660     43 VAL    C         4.56200    3.66500    4.26700   7.752248   5.827586 0.751729   1
   661     43 VAL    O         4.49200    3.57000    4.23400   9.955045   7.463268 0.749697   1
   662     44 ASN    N         4.49500    3.78300    4.28900   6.219780   4.660670 0.749330   1
   664     44 ASN    CA        4.35600    3.79400    4.24600   5.843157   4.788606 0.819524   1
   666     44 ASN    CB        4.26400    3.71400    4.33700   3.855145   3.856572 nan        0
   669     44 ASN    CG        4.11900    3.70100    4.29000   3.048951   2.960520 nan        0
   670     44 ASN    OD1       4.07300    3.59600    4.23700   4.910090   5.015992 1.021568   1
   671     44 ASN    ND2       4.04300    3.80800    4.31100   1.851149   1.821589 nan        0
   674     44 ASN    C         4.31400    3.94600    4.23100   3.933067   3.352324 nan        0
   675     44 ASN    O         4.29600    4.01900    4.32800   2.669331   2.172914 nan        0
   676     45 THR    N         4.29100    3.99000    4.10500   5.573427   4.865567 0.872994   1
   678     45 THR    CA        4.23900    4.12700    4.07900   4.387612   3.541729 0.807211   1
   680     45 THR    CB        4.27700    4.18000    3.94100   5.085914   5.431284 1.067907   1
   682     45 THR    CG2       4.24400    4.32700    3.92200   4.079920   4.466767 1.094817   1
   686     45 THR    OG1       4.41600    4.17300    3.91800   7.778222   6.501249 0.835827   1
   688     45 THR    C         4.09400    4.13300    4.10600   2.230769   2.233883 nan        0
   689     45 THR    O         4.02000    4.04100    4.06400   2.441558   2.279360 nan        0
   690     46 PHE    N         4.04700    4.23700    4.17900   1.714286   2.137931 nan        0
   692     46 PHE    CA        3.91100    4.28600    4.18100   1.441558   1.347826 nan        0
   694     46 PHE    CB        3.87600    4.30700    4.32500   1.000000   1.071964 nan        0
   697     46 PHE    CG        3.88000    4.18700    4.42200   1.000000   1.000000 nan        0
   698     46 PHE    CD1       3.75600    4.12600    4.45800   1.000000   1.000000 nan        0
   700     46 PHE    CE1       3.74800    4.01300    4.54000   0.979021   0.206397 nan        0
   702     46 PHE    CZ        3.86900    3.96800    4.59800   0.001998   0.000000 nan        0
   704     46 PHE    CE2       3.99100    4.03200    4.57500   0.000000   0.000000 nan        0
   706     46 PHE    CD2       4.00200    4.14100    4.48300   0.884116   0.954023 nan        0
   708     46 PHE    C         3.87400    4.40700    4.09200   1.473526   1.730135 nan        0
   709     46 PHE    O         3.95600    4.50200    4.09200   1.045954   1.346827 nan        0
   710     47 VAL    N         3.76000    4.41300    4.03100   1.588412   1.998501 nan        0
   712     47 VAL    CA        3.71400    4.52600    3.95400   1.723277   1.997001 nan        0
   714     47 VAL    CB        3.66000    4.48800    3.81500   1.959041   1.277361 nan        0
   716     47 VAL    CG1       3.62300    4.61400    3.73600   1.037962   1.001000 nan        0
   720     47 VAL    CG2       3.77500    4.41600    3.74100   1.909091   1.995002 nan        0
   724     47 VAL    C         3.61800    4.61200    4.03500   1.493506   1.344328 nan        0
   725     47 VAL    O         3.53200    4.55200    4.10200   1.591409   1.398301 nan        0
   726     48 HIS    N         3.62800    4.75000    4.03700   2.476523   2.132934 nan        0
   728     48 HIS    CA        3.54500    4.84000    4.12400   3.504496   3.333333 nan        0
   730     48 HIS    CB        3.63100    4.93900    4.19400   4.402597   4.012994 0.911506   1
   733     48 HIS    CG        3.72500    4.89500    4.30000   2.322677   2.438281 nan        0
   734     48 HIS    ND1       3.69300    4.86900    4.43200   1.889111   1.983008 nan        0
   735     48 HIS    CE1       3.80500    4.84500    4.49800   1.443556   1.293853 nan        0
   737     48 HIS    NE2       3.90800    4.85100    4.41600   1.000999   1.000000 nan        0
   739     48 HIS    CD2       3.85900    4.87600    4.28800   1.247752   1.101949 nan        0
   741     48 HIS    C         3.43900    4.91200    4.04400   7.414585   6.380310 0.860508   1
   742     48 HIS    O         3.42400    5.03500    4.03000   9.715285   8.284858 0.852765   1
   743     49 GLU    N         3.36500    4.83000    3.96300   6.055944   5.083958 0.839499   1
   745     49 GLU    CA        3.27400    4.88600    3.85200   7.747253   6.640680 0.857166   1
   747     49 GLU    CB        3.34300    4.87200    3.70900   7.136863   5.578211 0.781605   1
   750     49 GLU    CG        3.48400    4.93500    3.68700   7.523477   6.415792 0.852770   1
   753     49 GLU    CD        3.47400    5.08500    3.67900  13.252747  10.885057 0.821343   1
   754     49 GLU    OE1       3.56000    5.16600    3.71400  13.033966  12.246877 0.939612   1
   755     49 GLU    OE2       3.36000    5.13200    3.64400  16.270729  13.185407 0.810376   1
   756     49 GLU    C         3.14300    4.80300    3.85200   7.647353   5.746127 0.751388   1
   757     49 GLU    O         3.13000    4.71300    3.93500   6.812188   5.910545 0.867643   1
   758     50 SER    N         3.04700    4.83900    3.76700  11.400599   8.065467 0.707460   1
   760     50 SER    CA        2.91400    4.77300    3.77600  12.247752   9.028986 0.737195   1
   762     50 SER    CB        2.80000    4.86100    3.73000  14.958042  11.135932 0.744478   1
   765     50 SER    OG        2.79700    4.86500    3.58600  15.150849  11.497251 0.758852   1
   767     50 SER    C         2.93000    4.64300    3.70100   8.094905   5.582209 0.689595   1
   768     50 SER    O         3.00700    4.63400    3.60300   4.251748   2.778111 0.653404   1
   769     51 LEU    N         2.84600    4.54600    3.73700   8.614386   5.761619 0.668837   1
   771     51 LEU    CA        2.84000    4.41500    3.66900   6.900100   4.917041 0.712604   1
   773     51 LEU    CB        2.74100    4.33100    3.74600  11.961039   9.539730 0.797567   1
   776     51 LEU    CG        2.73400    4.18400    3.69800  13.296703  11.104948 0.835165   1
   778     51 LEU    CD1       2.87000    4.10800    3.72200   8.946054   8.400800 0.939051   1
   782     51 LEU    CD2       2.62000    4.10600    3.77400  17.036963  14.184908 0.832596   1
   786     51 LEU    C         2.80300    4.43300    3.52500   6.676324   4.480760 0.671142   1
   787     51 LEU    O         2.84900    4.35600    3.44800   4.600400   3.562219 0.774328   1
   788     52 ALA    N         2.70200    4.51300    3.48400  11.238761   7.547226 0.671535   1
   790     52 ALA    CA        2.67100    4.54500    3.35000  13.510490   8.660670 0.641033   1
   792     52 ALA    CB        2.56300    4.65600    3.35200  17.650350  11.050975 0.626105   1
   796     52 ALA    C         2.78700    4.60200    3.26200  11.644356   7.381309 0.633896   1
   797     52 ALA    O         2.79700    4.57500    3.14400  12.523477   7.626687 0.608991   1
   798     53 ASP    N         2.86600    4.69000    3.32000   9.916084   7.349325 0.741152   1
   800     53 ASP    CA        2.99100    4.73400    3.26000  10.728272   7.035982 0.655836   1
   802     53 ASP    CB        3.04600    4.86000    3.34000  11.922078   9.681659 0.812078   1
   805     53 ASP    CG        2.95400    4.97800    3.33000  17.705295  14.111944 0.797047   1
   806     53 ASP    OD1       2.90500    5.00700    3.22100  20.387612  14.857071 0.728730   1
   807     53 ASP    OD2       2.92200    5.05300    3.42700  17.725275  14.903048 0.840780   1
   808     53 ASP    C         3.10000    4.63200    3.24900   5.813187   3.880560 0.667544   1
   809     53 ASP    O         3.17000    4.62800    3.14900   6.188811   4.058471 0.655776   1
   810     54 VAL    N         3.10800    4.53900    3.34500   2.073926   1.973513 nan        0
   812     54 VAL    CA        3.19300    4.41900    3.32900   1.109890   0.922539 nan        0
   814     54 VAL    CB        3.24600    4.36600    3.46300   0.987013   0.523238 nan        0
   816     54 VAL    CG1       3.34400    4.25400    3.45100   1.013986   1.009995 nan        0
   820     54 VAL    CG2       3.32300    4.47800    3.52500   1.000000   0.862569 nan        0
   824     54 VAL    C         3.15000    4.31000    3.22500   1.218781   0.852574 nan        0
   825     54 VAL    O         3.22700    4.26600    3.14100   1.095904   1.153923 nan        0
   826     55 GLN    N         3.02600    4.26400    3.22800   1.957043   2.325837 nan        0
   828     55 GLN    CA        2.97800    4.17300    3.12300   4.452547   3.791104 0.851446   1
   830     55 GLN    CB        2.83800    4.12300    3.16400   8.035964   6.413793 0.798136   1
   833     55 GLN    CG        2.83200    4.03500    3.29400   9.025974   7.102949 0.786945   1
   836     55 GLN    CD        2.68600    3.99900    3.32600  13.165834   9.579210 0.727581   1
   837     55 GLN    OE1       2.59100    4.06600    3.27700  15.420579  10.437781 0.676873   1
   838     55 GLN    NE2       2.65700    3.89300    3.39600  12.962038  10.194403 0.786481   1
   841     55 GLN    C         2.99100    4.22800    2.98200   6.193806   4.477761 0.722942   1
   842     55 GLN    O         3.02800    4.15100    2.88600   5.941059   4.291354 0.722321   1
   843     56 ALA    N         2.98100    4.36100    2.96300   9.664336   5.993003 0.620115   1
   845     56 ALA    CA        2.98900    4.41900    2.82700  11.699301   7.149925 0.611141   1
   847     56 ALA    CB        2.93600    4.56100    2.83100  14.059940   8.677661 0.617190   1
   851     56 ALA    C         3.12800    4.41500    2.76100   8.078921   4.914043 0.608255   1
   852     56 ALA    O         3.14200    4.41400    2.64000   8.415584   5.125937 0.609101   1
   853     57 VAL    N         3.23300    4.39700    2.84200   3.940060   2.905547 nan        0
   855     57 VAL    CA        3.36300    4.36600    2.78500   2.210789   1.812094 nan        0
   857     57 VAL    CB        3.47200    4.36300    2.90000   1.308691   1.102449 nan        0
   859     57 VAL    CG1       3.61300    4.32700    2.84700   0.626374   0.112444 nan        0
   863     57 VAL    CG2       3.47000    4.50400    2.97500   2.838162   2.151424 nan        0
   867     57 VAL    C         3.37100    4.24700    2.69400   1.177822   1.202399 nan        0
   868     57 VAL    O         3.45000    4.25200    2.59900   0.982018   1.209895 nan        0
   869     58 CYS    N         3.29000    4.13900    2.71300   1.737263   2.533233 nan        0
   871     58 CYS    CA        3.30100    4.01900    2.62700   3.326673   3.114943 nan        0
   873     58 CYS    CB        3.20900    3.91100    2.69400   4.105894   3.508746 0.854563   1
   876     58 CYS    SG        3.26000    3.85700    2.85600   1.749251   1.428786 nan        0
   877     58 CYS    C         3.25400    4.05300    2.48300   6.342657   5.847076 0.921865   1
   878     58 CYS    O         3.25100    3.96600    2.39300   8.634366   7.460770 0.864078   1
   879     59 SER    N         3.19400    4.17200    2.46000   9.024975   7.049975 0.781163   1
   881     59 SER    CA        3.15600    4.23000    2.33200  13.561439  10.489255 0.773462   1
   883     59 SER    CB        3.01900    4.29300    2.34400  16.920080  12.084458 0.714208   1
   886     59 SER    OG        2.92900    4.19000    2.38800  18.835165  12.089455 0.641856   1
   888     59 SER    C         3.26100    4.33400    2.27400  12.790210   9.722639 0.760163   1
   889     59 SER    O         3.23100    4.40600    2.18100  15.797203  11.040980 0.698920   1
   890     60 GLN    N         3.37400    4.35600    2.34100   7.661339   6.303848 0.822813   1
   892     60 GLN    CA        3.47000    4.45800    2.30900   7.066933   5.307346 0.751011   1
   894     60 GLN    CB        3.50800    4.55300    2.43300   4.825175   3.068966 0.636032   1
   897     60 GLN    CG        3.38400    4.62700    2.47700   8.437562   4.600700 0.545264   1
   900     60 GLN    CD        3.40500    4.71600    2.59900   8.788212   4.728636 0.538066   1
   901     60 GLN    OE1       3.51200    4.77100    2.62300   7.120879   4.157921 0.583906   1
   902     60 GLN    NE2       3.29900    4.74500    2.67400  11.394605   6.356822 0.557880   1
   905     60 GLN    C         3.59400    4.40400    2.22400   7.053946   6.705147 0.950553   1
   906     60 GLN    O         3.57400    4.31700    2.14400  10.210789   8.832584 0.865025   1
   907     61 LYS    N         3.71500    4.45800    2.23900   5.542458   5.386807 0.971917   1
   909     61 LYS    CA        3.83300    4.42900    2.15900   7.932068   6.786107 0.855528   1
   911     61 LYS    CB        3.94300    4.53600    2.19600   9.451548   7.538731 0.797619   1
   914     61 LYS    CG        4.07500    4.50000    2.12600  13.488511  10.494753 0.778051   1
   917     61 LYS    CD        4.18400    4.60500    2.15000  15.852148  12.699150 0.801100   1
   920     61 LYS    CE        4.14900    4.74300    2.11600  19.147852  13.678161 0.714344   1
   923     61 LYS    NZ        4.26300    4.83700    2.12800  20.902098  15.172914 0.725904   1
   927     61 LYS    C         3.88200    4.28800    2.19000   6.588412   5.895552 0.894837   1
   928     61 LYS    O         3.94300    4.26400    2.28900   3.474525   3.514243 nan        0
   929     62 ASN    N         3.86700    4.19700    2.09600   9.508492   8.478761 0.891704   1
   931     62 ASN    CA        3.90400    4.05800    2.11900  10.297702   8.453273 0.820889   1
   933     62 ASN    CB        3.83600    3.97500    2.00900  14.631369  10.718641 0.732579   1
   936     62 ASN    CG        3.88500    3.83400    2.01500  14.652348  10.227886 0.698037   1
   937     62 ASN    OD1       3.95900    3.78800    1.93200  16.923077  11.335832 0.669845   1
   938     62 ASN    ND2       3.84500    3.75700    2.11600  10.315684   6.358821 0.616423   1
   941     62 ASN    C         4.05800    4.03200    2.12300  10.928072   8.410795 0.769650   1
   942     62 ASN    O         4.13800    4.09000    2.04600  14.311688  10.450275 0.730192   1
   943     63 VAL    N         4.10000    3.94500    2.21300   7.660340   5.665667 0.739610   1
   945     63 VAL    CA        4.24200    3.90700    2.23800  10.300699   6.461769 0.627314   1
   947     63 VAL    CB        4.31000    4.00000    2.33900  11.227772   7.577711 0.674908   1
   949     63 VAL    CG1       4.35200    4.14000    2.29400  11.445554   8.798101 0.768692   1
   953     63 VAL    CG2       4.22700    4.02100    2.46700   6.446553   4.094953 0.635216   1
   957     63 VAL    C         4.25100    3.75200    2.26400   9.085914   5.072964 0.558333   1
   958     63 VAL    O         4.15300    3.68700    2.31000   5.810190   2.959020 0.509281   1
   959     64 ALA    N         4.36900    3.69600    2.25000  12.984016   7.078461 0.545167   1
   961     64 ALA    CA        4.39600    3.56400    2.30400  12.107892   6.417291 0.530009   1
   963     64 ALA    CB        4.50500    3.48800    2.22900  15.597403   7.430285 0.476380   1
   967     64 ALA    C         4.43000    3.57200    2.45800   9.528472   5.099950 0.535233   1
   968     64 ALA    O         4.49900    3.66400    2.50200  10.592408   6.353323 0.599800   1
   969     65 CYS    N         4.39400    3.46800    2.53300   5.961039   3.889055 0.652412   1
   971     65 CYS    CA        4.43000    3.44300    2.67200   6.161838   4.300850 0.697982   1
   973     65 CYS    CB        4.33100    3.34200    2.72600   3.730270   3.088956 nan        0
   976     65 CYS    SG        4.15700    3.37600    2.71500   3.100899   2.873063 nan        0
   977     65 CYS    C         4.56500    3.38200    2.68700   7.631369   4.669165 0.611839   1
   978     65 CYS    O         4.61400    3.32100    2.58800   8.559441   4.900050 0.572473   1
   979     66 LYS    N         4.64000    3.39500    2.79700   9.686314   5.549725 0.572945   1
   981     66 LYS    CA        4.78500    3.35100    2.80600  14.723277   8.204898 0.557274   1
   983     66 LYS    CB        4.85900    3.42700    2.92200  17.238761   9.794103 0.568144   1
   986     66 LYS    CG        4.81700    3.38200    3.06400  18.311688  10.838581 0.591894   1
   989     66 LYS    CD        4.79600    3.49100    3.16800  20.427572  11.211894 0.548861   1
   992     66 LYS    CE        4.74400    3.45900    3.31200  18.751249  11.710645 0.624526   1
   995     66 LYS    NZ        4.61100    3.39400    3.31700  20.804196  11.449775 0.550359   1
   999     66 LYS    C         4.79900    3.20100    2.82000  15.581419   9.029985 0.579535   1
  1000     66 LYS    O         4.91100    3.15100    2.80400  18.676324  10.308346 0.551947   1
  1001     67 ASN    N         4.68300    3.12500    2.82700  12.895105   8.803598 0.682709   1
  1003     67 ASN    CA        4.67300    2.97500    2.80300  16.144855  10.602699 0.656723   1
  1005     67 ASN    CB        4.54400    2.92300    2.87600  16.039960  11.372814 0.709030   1
  1008     67 ASN    CG        4.41700    2.97000    2.82300  12.567433   9.634683 0.766639   1
  1009     67 ASN    OD1       4.39700    3.02400    2.71900   8.958042   6.340330 0.707781   1
  1010     67 ASN    ND2       4.31800    2.95900    2.90800  14.748252  11.371814 0.771062   1
  1013     67 ASN    C         4.66500    2.93500    2.65800  16.077922   9.370315 0.582806   1
  1014     67 ASN    O         4.65900    2.81200    2.63100  17.414585   9.493253 0.545132   1
  1015     68 GLY    N         4.66300    3.03000    2.56700  14.728272   7.559220 0.513246   1
  1017     68 GLY    CA        4.66700    3.01300    2.41600  15.447552   7.955522 0.515002   1
  1020     68 GLY    C         4.52600    3.00700    2.34600  14.637363   7.797601 0.532719   1
  1021     68 GLY    O         4.51500    2.99300    2.22400  17.356643   8.642679 0.497946   1
  1022     69 GLN    N         4.41600    3.02900    2.41900  11.707293   6.575212 0.561634   1
  1024     69 GLN    CA        4.27700    3.01600    2.37300  10.808192   6.785607 0.627821   1
  1026     69 GLN    CB        4.18600    2.94700    2.47700  12.667333   8.638181 0.681926   1
  1029     69 GLN    CG        4.22300    2.80300    2.51200  16.699301  11.480260 0.687469   1
  1032     69 GLN    CD        4.11200    2.73900    2.60000  20.601399  14.323838 0.695285   1
  1033     69 GLN    OE1       4.02900    2.65700    2.54700  23.551449  15.105447 0.641381   1
  1034     69 GLN    NE2       4.13400    2.75300    2.72900  19.345654  14.173913 0.732667   1
  1037     69 GLN    C         4.22300    3.15900    2.32700   8.249750   5.166417 0.626251   1
  1038     69 GLN    O         4.26100    3.26500    2.38100   6.013986   3.622189 0.602294   1
  1039     70 THR    N         4.12900    3.15800    2.23500  11.037962   5.434783 0.492372   1
  1041     70 THR    CA        4.08100    3.27500    2.16900  11.795205   5.330835 0.451949   1
  1043     70 THR    CB        4.04900    3.23300    2.02500  17.390609   7.748626 0.445564   1
  1045     70 THR    CG2       3.91300    3.15600    2.00500  19.710290   7.726137 0.391985   1
  1049     70 THR    OG1       4.05200    3.35200    1.94100  18.558442   8.820590 0.475287   1
  1051     70 THR    C         3.97000    3.35800    2.23100   9.372627   3.678661 0.392490   1
  1052     70 THR    O         3.93600    3.46700    2.18100   9.287712   3.830085 0.412382   1
  1053     71 ASN    N         3.92000    3.31200    2.34800   8.845155   3.900550 0.440982   1
  1055     71 ASN    CA        3.80000    3.36800    2.40400   8.138861   3.056972 0.375602   1
  1057     71 ASN    CB        3.72900    3.24600    2.45600  10.461538   5.798101 0.554230   1
  1060     71 ASN    CG        3.78500    3.19600    2.58700   9.317682   5.916042 0.634926   1
  1061     71 ASN    OD1       3.90200    3.17300    2.60000   9.773227   6.000500 0.613973   1
  1062     71 ASN    ND2       3.69400    3.16700    2.67800   9.027972   6.797601 0.752949   1
  1065     71 ASN    C         3.81800    3.47800    2.50800   4.024975   1.906547 0.473679   1
  1066     71 ASN    O         3.72300    3.50600    2.58300   3.556444   1.359820 nan        0
  1067     72 CYS    N         3.93700    3.54400    2.50800   1.558442   0.979010 nan        0
  1069     72 CYS    CA        3.96400    3.66200    2.59500   0.142857   0.092954 nan        0
  1071     72 CYS    CB        4.11000    3.66700    2.64700   1.074925   1.007996 nan        0
  1074     72 CYS    SG        4.13600    3.56900    2.78500   2.865135   2.573713 nan        0
  1075     72 CYS    C         3.92300    3.79700    2.52200   0.164835   0.121939 nan        0
  1076     72 CYS    O         3.93000    3.81400    2.40100   1.210789   0.489755 nan        0
  1077     73 TYR    N         3.89000    3.89800    2.60200   0.000999   0.000000 nan        0
  1079     73 TYR    CA        3.84000    4.02700    2.55100   0.000000   0.003498 nan        0
  1081     73 TYR    CB        3.68600    4.03300    2.54100   0.276723   0.425787 nan        0
  1084     73 TYR    CG        3.61900    3.92600    2.45700   1.960040   2.238881 nan        0
  1085     73 TYR    CD1       3.58800    3.96500    2.32400   4.884116   4.380810 0.896950   1
  1087     73 TYR    CE1       3.53800    3.87300    2.23000   8.250749   6.523238 0.790624   1
  1089     73 TYR    CZ        3.50800    3.74400    2.26800   8.482517   6.099450 0.719061   1
  1090     73 TYR    OH        3.44300    3.66200    2.18800  12.239760   7.833583 0.640011   1
  1092     73 TYR    CE2       3.53600    3.70400    2.40300   4.798202   3.503248 0.730117   1
  1094     73 TYR    CD2       3.59000    3.79700    2.49400   1.386613   1.759620 nan        0
  1096     73 TYR    C         3.89800    4.13300    2.64100   0.000000   0.000000 nan        0
  1097     73 TYR    O         3.88600    4.12600    2.76600   0.263736   0.000000 nan        0
  1098     74 GLN    N         3.95400    4.23300    2.57500   0.019980   0.004498 nan        0
  1100     74 GLN    CA        4.00300    4.35800    2.63400   1.133866   0.841079 nan        0
  1102     74 GLN    CB        4.14000    4.40300    2.58100   3.443556   2.227886 nan        0
  1105     74 GLN    CG        4.21500    4.51300    2.65900   5.472527   3.634183 0.664078   1
  1108     74 GLN    CD        4.35300    4.51700    2.59000   9.615385   6.497251 0.675714   1
  1109     74 GLN    OE1       4.44700    4.43900    2.60900  11.667333   7.543728 0.646568   1
  1110     74 GLN    NE2       4.36100    4.60500    2.49500  12.692308   8.403298 0.662078   1
  1113     74 GLN    C         3.90200    4.47000    2.62500   1.005994   0.994003 nan        0
  1114     74 GLN    O         3.82800    4.48100    2.52200   1.030969   0.967516 nan        0
  1115     75 SER    N         3.89700    4.55300    2.73400   1.847153   1.577211 nan        0
  1117     75 SER    CA        3.80600    4.67900    2.73200   2.400599   2.490755 nan        0
  1119     75 SER    CB        3.76800    4.73500    2.86500   3.328671   2.940530 nan        0
  1122     75 SER    OG        3.89200    4.75700    2.94400   2.332667   2.468266 nan        0
  1124     75 SER    C         3.85300    4.79500    2.65000   3.793207   2.824088 nan        0
  1125     75 SER    O         3.97300    4.81000    2.63200   5.026973   3.760120 0.747989   1
  1126     76 TYR    N         3.76200    4.88000    2.59400   7.155844   4.311344 0.602493   1
  1128     76 TYR    CA        3.79800    5.00300    2.52900  11.614386   6.895552 0.593708   1
  1130     76 TYR    CB        3.67900    5.06300    2.44200  14.094905   7.667166 0.543967   1
  1133     76 TYR    CG        3.62000    4.96200    2.34300  14.975025   7.482259 0.499649   1
  1134     76 TYR    CD1       3.69900    4.86900    2.26400  13.221778   7.336332 0.554867   1
  1136     76 TYR    CE1       3.63400    4.79100    2.16200  12.835165   8.069465 0.628700   1
  1138     76 TYR    CZ        3.49400    4.79100    2.14800  16.099900   8.875062 0.551250   1
  1139     76 TYR    OH        3.44300    4.70700    2.05100  18.414585  10.935032 0.593825   1
  1141     76 TYR    CE2       3.42200    4.87700    2.23200  18.272727   7.689655 0.420827   1
  1143     76 TYR    CD2       3.48200    4.96600    2.32900  17.626374   7.305347 0.414455   1
  1145     76 TYR    C         3.85300    5.11100    2.63200  13.611389   8.680660 0.637750   1
  1146     76 TYR    O         3.96300    5.15600    2.61500  15.705295  10.214893 0.650411   1
  1147     77 SER    N         3.78400    5.15200    2.73300  14.205794   9.576212 0.674106   1
  1149     77 SER    CA        3.82600    5.23000    2.84700  14.671329   9.970515 0.679592   1
  1151     77 SER    CB        3.70600    5.28000    2.93100  17.200799  12.482759 0.725708   1
  1154     77 SER    OG        3.64600    5.39200    2.87100  21.342657  13.881059 0.650390   1
  1156     77 SER    C         3.91300    5.14000    2.93800  10.274725   7.514243 0.731333   1
  1157     77 SER    O         3.89300    5.02100    2.94700   6.079920   5.077961 0.835202   1
  1158     78 THR    N         3.97600    5.21300    3.03200  11.746254   8.615692 0.733484   1
  1160     78 THR    CA        4.01800    5.16400    3.16500   9.229770   6.259870 0.678226   1
  1162     78 THR    CB        4.13300    5.25100    3.22200  12.571429   8.685157 0.690865   1
  1164     78 THR    CG2       4.25100    5.24000    3.12800  13.259740   8.468766 0.638683   1
  1168     78 THR    OG1       4.08300    5.38600    3.22500  16.043956  10.958521 0.683031   1
  1170     78 THR    C         3.90400    5.14800    3.26600   8.918082   7.105947 0.796802   1
  1171     78 THR    O         3.79800    5.20400    3.25900  12.297702   9.775112 0.794873   1
  1172     79 MET    N         3.93500    5.07100    3.36600   5.218781   4.304348 0.824780   1
  1174     79 MET    CA        3.85200    5.03300    3.48100   5.718282   4.304848 0.752822   1
  1176     79 MET    CB        3.80300    4.89100    3.46500   4.581419   3.208896 0.700415   1
  1179     79 MET    CG        3.68900    4.89600    3.36500   6.278721   5.079460 0.808996   1
  1182     79 MET    SD        3.61200    4.73200    3.34600   4.107892   3.176912 0.773368   1
  1183     79 MET    CE        3.47900    4.76000    3.23200   5.805195   4.737631 0.816102   1
  1187     79 MET    C         3.92900    5.06100    3.60400   4.982018   4.091454 0.821244   1
  1188     79 MET    O         4.05000    5.03500    3.61000   2.588412   2.175412 nan        0
  1189     80 SER    N         3.86200    5.09300    3.71400   7.371628   6.174413 0.837591   1
  1191     80 SER    CA        3.91500    5.10100    3.84900   6.872128   5.813093 0.845894   1
  1193     80 SER    CB        3.82800    5.17700    3.95300   9.121878   7.666667 0.840470   1
  1196     80 SER    OG        3.85900    5.16600    4.09300   7.478521   6.021989 0.805238   1
  1198     80 SER    C         3.93400    4.95500    3.90200   3.509491   2.093953 nan        0
  1199     80 SER    O         3.83900    4.87300    3.89400   2.334665   1.673163 nan        0
  1200     81 ILE    N         4.05200    4.93100    3.94900   0.952048   0.316842 nan        0
  1202     81 ILE    CA        4.10200    4.79600    3.98400   0.080919   0.219390 nan        0
  1204     81 ILE    CB        4.17500    4.71200    3.87600   0.515485   0.370815 nan        0
  1206     81 ILE    CG2       4.08500    4.69500    3.75200   0.057942   0.306347 nan        0
  1210     81 ILE    CG1       4.31600    4.75400    3.82800   1.491508   1.190405 nan        0
  1213     81 ILE    CD        4.39700    4.63200    3.76900   2.466533   2.176912 nan        0
  1217     81 ILE    C         4.18100    4.78400    4.11400   0.125874   0.578211 nan        0
  1218     81 ILE    O         4.26300    4.87500    4.13200   0.860140   0.280360 nan        0
  1219     82 THR    N         4.16900    4.67700    4.19500   0.865135   0.997501 nan        0
  1221     82 THR    CA        4.27100    4.64900    4.29700   0.179820   0.703648 nan        0
  1223     82 THR    CB        4.22200    4.64400    4.43400   0.951049   0.994003 nan        0
  1225     82 THR    CG2       4.33000    4.62600    4.53600   0.152847   0.065967 nan        0
  1229     82 THR    OG1       4.17000    4.77000    4.46400   1.145854   1.000500 nan        0
  1231     82 THR    C         4.32900    4.51100    4.25800   1.541459   1.372314 nan        0
  1232     82 THR    O         4.26000    4.40700    4.25900   1.331668   1.464768 nan        0
  1233     83 ASP    N         4.46300    4.51300    4.24300   4.193806   3.018991 0.719869   1
  1235     83 ASP    CA        4.55400    4.40600    4.22600   7.232767   5.679660 0.785268   1
  1237     83 ASP    CB        4.67600    4.46200    4.13700   9.963037   7.962519 0.799206   1
  1240     83 ASP    CG        4.77300    4.35000    4.10900  14.312687  10.372814 0.724729   1
  1241     83 ASP    OD1       4.74000    4.27600    4.01300  15.741259  11.285857 0.716960   1
  1242     83 ASP    OD2       4.88300    4.34800    4.16200  14.049950  11.158421 0.794196   1
  1243     83 ASP    C         4.59100    4.35400    4.36500   4.974026   3.964518 0.797044   1
  1244     83 ASP    O         4.68500    4.40300    4.42200   4.069930   4.434283 1.089523   1
  1245     84 CYS    N         4.52700    4.24900    4.41500   2.996004   2.301849 nan        0
  1247     84 CYS    CA        4.56100    4.18000    4.54100   2.114885   1.786107 nan        0
  1249     84 CYS    CB        4.43300    4.12000    4.59500   1.727273   0.776612 nan        0
  1252     84 CYS    SG        4.31900    4.24900    4.65200   0.331668   0.510745 nan        0
  1253     84 CYS    C         4.66900    4.06700    4.52100   3.405594   2.569715 nan        0
  1254     84 CYS    O         4.64200    3.97800    4.44200   3.933067   2.900550 nan        0
  1255     85 ARG    N         4.78900    4.08200    4.58300   4.272727   3.029985 0.709145   1
  1257     85 ARG    CA        4.90800    4.00100    4.56400   6.692308   3.987006 0.595760   1
  1259     85 ARG    CB        5.02200    4.07900    4.49600  10.115884   6.199900 0.612888   1
  1262     85 ARG    CG        5.14500    3.99500    4.45100  13.187812   8.059470 0.611130   1
  1265     85 ARG    CD        5.11000    3.90200    4.33700  14.993007   8.442279 0.563081   1
  1268     85 ARG    NE        5.23100    3.82600    4.28700  18.365634   9.323338 0.507651   1
  1270     85 ARG    CZ        5.32000    3.87200    4.20500  21.647353  11.699150 0.540443   1
  1271     85 ARG    NH1       5.29200    3.97700    4.13000  22.993007  12.488756 0.543155   1
  1274     85 ARG    NH2       5.43900    3.81600    4.21000  23.910090  12.446777 0.520566   1
  1277     85 ARG    C         4.96300    3.94400    4.69600   4.938062   2.923038 0.591940   1
  1278     85 ARG    O         4.97600    4.00900    4.79800   4.758242   2.482259 0.521676   1
  1279     86 GLU    N         4.98300    3.81000    4.70400   3.903097   2.606197 nan        0
  1281     86 GLU    CA        5.02900    3.74300    4.82600   4.596404   3.542729 0.770761   1
  1283     86 GLU    CB        5.02300    3.58800    4.81500   6.663337   6.238881 0.936300   1
  1286     86 GLU    CG        5.05800    3.51000    4.94400   7.473526   7.077961 0.947071   1
  1289     86 GLU    CD        5.06600    3.35900    4.93300  11.867133  10.074963 0.848980   1
  1290     86 GLU    OE1       5.08900    3.30300    5.04300  13.291708  10.242879 0.770622   1
  1291     86 GLU    OE2       5.05200    3.30000    4.82500  12.713287  10.217891 0.803718   1
  1292     86 GLU    C         5.16800    3.78200    4.86200   8.088911   5.844578 0.722542   1
  1293     86 GLU    O         5.26800    3.77000    4.78900  11.055944   7.958021 0.719796   1
  1294     87 THR    N         5.17900    3.85500    4.97100   7.415584   4.593203 0.619399   1
  1296     87 THR    CA        5.30400    3.91500    5.01200  10.746254   6.513243 0.606094   1
  1298     87 THR    CB        5.27900    4.02500    5.11600  11.615385   7.040480 0.606134   1
  1300     87 THR    CG2       5.24900    3.98100    5.26000  10.887113   6.747626 0.619781   1
  1304     87 THR    OG1       5.38100    4.11700    5.11000  14.845155   9.050475 0.609658   1
  1306     87 THR    C         5.41100    3.82000    5.05500  14.515485   9.193403 0.633351   1
  1307     87 THR    O         5.39800    3.70200    5.08500  12.459540   8.804098 0.706615   1
  1308     88 GLY    N         5.53000    3.87400    5.06600  17.482517  11.737631 0.671393   1
  1310     88 GLY    CA        5.65000    3.80700    5.12400  18.408591  12.807096 0.695713   1
  1313     88 GLY    C         5.61900    3.75100    5.26800  17.612388  12.251874 0.695640   1
  1314     88 GLY    O         5.55600    3.82700    5.34600  16.143856  11.038981 0.683788   1
  1315     89 SER    N         5.66600    3.63100    5.30300  19.808192  13.186407 0.665705   1
  1317     89 SER    CA        5.63700    3.56500    5.42800  19.416583  13.353323 0.687728   1
  1319     89 SER    CB        5.72600    3.63000    5.53100  21.840160  14.231384 0.651615   1
  1322     89 SER    OG        5.86300    3.64900    5.48400  24.202797  15.292354 0.631842   1
  1324     89 SER    C         5.49500    3.54100    5.46800  16.191808  10.824588 0.668522   1
  1325     89 SER    O         5.46700    3.51400    5.58300  15.735265  10.395802 0.660669   1
  1326     90 SER    N         5.40200    3.54800    5.36900  12.038961   8.665667 0.719802   1
  1328     90 SER    CA        5.27100    3.48500    5.39200   9.940060   7.279860 0.732376   1
  1330     90 SER    CB        5.17200    3.52800    5.27800   6.626374   5.327336 0.803960   1
  1333     90 SER    OG        5.05600    3.44400    5.28200   4.675325   5.134933 1.098305   1
  1335     90 SER    C         5.27800    3.32900    5.41300  11.756244   9.390805 0.798793   1
  1336     90 SER    O         5.37400    3.26300    5.36900  14.377622  11.466267 0.797508   1
  1337     91 LYS    N         5.17600    3.27100    5.47300  10.505495   7.707646 0.733678   1
  1339     91 LYS    CA        5.14100    3.12900    5.45600  11.841159   8.848076 0.747231   1
  1341     91 LYS    CB        5.23200    3.03800    5.55100  14.798202  11.764618 0.795003   1
  1344     91 LYS    CG        5.19900    3.06400    5.69900  15.226773  11.686157 0.767474   1
  1347     91 LYS    CD        5.29000    2.98400    5.78800  19.024975  14.137431 0.743099   1
  1350     91 LYS    CE        5.23800    2.83500    5.80300  19.945055  15.193403 0.761763   1
  1353     91 LYS    NZ        5.34200    2.74400    5.85600  23.480519  16.457771 0.700912   1
  1357     91 LYS    C         4.99800    3.10100    5.48800   7.937063   6.402799 0.806696   1
  1358     91 LYS    O         4.92200    3.18400    5.54400   4.891109   3.681659 0.752725   1
  1359     92 TYR    N         4.94800    2.97800    5.44800   9.061938   7.715142 0.851379   1
  1361     92 TYR    CA        4.81900    2.93200    5.49000   7.781219   6.554723 0.842377   1
  1363     92 TYR    CB        4.78100    2.81400    5.40200   9.971029   8.386307 0.841067   1
  1366     92 TYR    CG        4.65200    2.74000    5.43200  11.821179   9.426287 0.797407   1
  1367     92 TYR    CD1       4.52600    2.79200    5.38800   8.229770   6.956522 0.845287   1
  1369     92 TYR    CE1       4.40500    2.72900    5.43200  10.161838   8.376312 0.824291   1
  1371     92 TYR    CZ        4.41400    2.60600    5.49800  14.304695  11.217391 0.784175   1
  1372     92 TYR    OH        4.29600    2.53200    5.51200  16.703297  12.890055 0.771707   1
  1374     92 TYR    CE2       4.54600    2.55400    5.53300  16.620380  12.167916 0.732108   1
  1376     92 TYR    CD2       4.66000    2.62400    5.50500  15.374625  11.461769 0.745499   1
  1378     92 TYR    C         4.81700    2.89700    5.63800   9.147852   6.773113 0.740405   1
  1379     92 TYR    O         4.92300    2.84700    5.68300  11.891109   9.030985 0.759474   1
  1380     93 PRO    N         4.71100    2.91600    5.71600   9.828172   5.945527 0.604947   1
  1381     93 PRO    CD        4.69700    2.85700    5.84800  13.716284   8.134933 0.593086   1
  1384     93 PRO    CG        4.56700    2.91700    5.90400  16.668332   9.941529 0.596432   1
  1387     93 PRO    CB        4.48400    2.93100    5.77700  14.156843   8.287356 0.585396   1
  1390     93 PRO    CA        4.58700    2.98500    5.68300   9.714286   5.676662 0.584362   1
  1392     93 PRO    C         4.60700    3.14000    5.70700   9.304695   5.969515 0.641559   1
  1393     93 PRO    O         4.51500    3.21400    5.68900  10.204795   7.340830 0.719351   1
  1394     94 ASN    N         4.72000    3.18200    5.75800  11.182817   6.228886 0.557005   1
  1396     94 ASN    CA        4.75600    3.32600    5.79800  13.735265   8.316842 0.605510   1
  1398     94 ASN    CB        4.87700    3.32700    5.88900  16.470529   9.598201 0.582750   1
  1401     94 ASN    CG        4.86000    3.24300    6.01500  18.913087  11.597201 0.613184   1
  1402     94 ASN    OD1       4.90300    3.12700    6.01000  18.081918  10.169415 0.562408   1
  1403     94 ASN    ND2       4.80300    3.29200    6.11900  22.165834  12.953023 0.584369   1
  1406     94 ASN    C         4.77400    3.42100    5.67600  11.097902   7.118441 0.641422   1
  1407     94 ASN    O         4.86500    3.51200    5.67500  11.489510   7.739630 0.673626   1
  1408     95 CYS    N         4.70700    3.39700    5.56600   8.403596   5.640180 0.671163   1
  1410     95 CYS    CA        4.74100    3.44700    5.42800   5.951049   3.924538 0.659470   1
  1412     95 CYS    CB        4.64300    3.38700    5.33400   4.251748   2.620190 0.616262   1
  1415     95 CYS    SG        4.62500    3.20500    5.31800   4.673327   3.941529 0.843410   1
  1416     95 CYS    C         4.73000    3.59900    5.43000   7.352647   4.778111 0.649849   1
  1417     95 CYS    O         4.63700    3.65900    5.47800   8.155844   5.926537 0.726661   1
  1418     96 ALA    N         4.83600    3.65800    5.37200   7.171828   3.112444 0.433982   1
  1420     96 ALA    CA        4.85300    3.80300    5.37100   9.418581   4.227886 0.448888   1
  1422     96 ALA    CB        4.95900    3.84200    5.47600  11.773227   6.414793 0.544863   1
  1426     96 ALA    C         4.88300    3.85300    5.23000   5.447552   1.469265 0.269711   1
  1427     96 ALA    O         4.94300    3.78400    5.14800   2.601399   0.212894 nan        0
  1428     97 TYR    N         4.83000    3.96800    5.20400   5.692308   2.719640 0.477775   1
  1430     97 TYR    CA        4.81900    4.03100    5.07500   3.842158   1.900550 nan        0
  1432     97 TYR    CB        4.68100    4.00400    5.02000   2.054945   1.187906 nan        0
  1435     97 TYR    CG        4.64000    3.86100    4.99700   1.271728   0.203898 nan        0
  1436     97 TYR    CD1       4.68000    3.79400    4.88000   0.068931   0.005497 nan        0
  1438     97 TYR    CE1       4.66300    3.65500    4.87600   0.082917   0.005497 nan        0
  1440     97 TYR    CZ        4.58100    3.59600    4.96900   0.551449   0.119940 nan        0
  1441     97 TYR    OH        4.54900    3.46700    4.94700   0.605395   0.299850 nan        0
  1443     97 TYR    CE2       4.53100    3.66200    5.07900   1.705295   0.849075 nan        0
  1445     97 TYR    CD2       4.56900    3.79400    5.09700   1.998002   0.730635 nan        0
  1447     97 TYR    C         4.84700    4.18400    5.08200   5.958042   3.977511 0.667587   1
  1448     97 TYR    O         4.78100    4.25700    5.15000   7.326673   4.408796 0.601746   1
  1449     98 LYS    N         4.92900    4.23100    4.99200   7.038961   4.961519 0.704865   1
  1451     98 LYS    CA        4.94700    4.37000    4.94200   9.394605   6.413293 0.682657   1
  1453     98 LYS    CB        5.07100    4.37200    4.85100  12.269730   7.510745 0.612136   1
  1456     98 LYS    CG        5.10000    4.50900    4.79400  14.606394  10.553723 0.722541   1
  1459     98 LYS    CD        5.13100    4.62900    4.89300  18.105894  13.928036 0.769254   1
  1462     98 LYS    CE        5.24000    4.59000    4.99600  20.929071  15.353323 0.733588   1
  1465     98 LYS    NZ        5.27300    4.69300    5.09500  23.104895  16.830585 0.728442   1
  1469     98 LYS    C         4.81900    4.41800    4.87900   6.786214   4.498251 0.662851   1
  1470     98 LYS    O         4.76000    4.34400    4.79800   3.951049   3.210895 nan        0
  1471     99 THR    N         4.77100    4.53900    4.90800   7.797203   5.845077 0.749638   1
  1473     99 THR    CA        4.67200    4.60800    4.83000   6.876124   5.273363 0.766909   1
  1475     99 THR    CB        4.57300    4.68000    4.92300   6.024975   4.668166 0.774803   1
  1477     99 THR    CG2       4.46600    4.75700    4.86400   5.469530   4.460770 0.815567   1
  1481     99 THR    OG1       4.50100    4.58200    5.00300   4.280719   2.803598 0.654936   1
  1483     99 THR    C         4.73500    4.70300    4.73500   9.575425   6.750125 0.704943   1
  1484     99 THR    O         4.81300    4.78500    4.78500  12.411588   9.226887 0.743409   1
  1485    100 THR    N         4.70600    4.70400    4.60700   7.952048   4.842579 0.608973   1
  1487    100 THR    CA        4.74700    4.80700    4.51800  10.570430   6.506747 0.615561   1
  1489    100 THR    CB        4.86200    4.75700    4.42900  13.158841   8.882059 0.674988   1
  1491    100 THR    CG2       4.92700    4.85700    4.32900  16.199800  11.287856 0.696790   1
  1495    100 THR    OG1       4.97100    4.69200    4.49900  14.514486   9.655672 0.665244   1
  1497    100 THR    C         4.62700    4.85500    4.43300   8.015984   4.435282 0.553305   1
  1498    100 THR    O         4.57100    4.77500    4.35600   4.187812   2.443778 0.583545   1
  1499    101 GLN    N         4.59000    4.97800    4.43700   9.954046   5.291854 0.531628   1
  1501    101 GLN    CA        4.48100    5.03400    4.35500   9.332667   4.950025 0.530398   1
  1503    101 GLN    CB        4.40800    5.14300    4.44700  12.569431   7.028486 0.559173   1
  1506    101 GLN    CG        4.30000    5.21500    4.36000  11.997003   6.524238 0.543822   1
  1509    101 GLN    CD        4.18000    5.13700    4.31100   7.312687   3.123938 0.427194   1
  1510    101 GLN    OE1       4.13100    5.04700    4.37900   4.079920   1.688656 0.413894   1
  1511    101 GLN    NE2       4.12400    5.18100    4.19800   7.249750   4.069465 0.561325   1
  1514    101 GLN    C         4.54000    5.09900    4.22500  11.772228   7.025487 0.596785   1
  1515    101 GLN    O         4.64500    5.15900    4.22900  15.298701   9.407796 0.614941   1
  1516    102 ALA    N         4.47100    5.08300    4.11300   8.755245   5.154923 0.588781   1
  1518    102 ALA    CA        4.51400    5.13000    3.97300  10.095904   6.299850 0.624001   1
  1520    102 ALA    CB        4.60100    5.02900    3.90300   9.414585   5.942529 0.631205   1
  1524    102 ALA    C         4.38600    5.16000    3.88600   7.753247   4.764618 0.614532   1
  1525    102 ALA    O         4.26700    5.12300    3.90800   5.086913   3.556222 0.699092   1
  1526    103 ASN    N         4.41600    5.23800    3.78000  11.564436   7.781609 0.672891   1
  1528    103 ASN    CA        4.33100    5.24400    3.66500  10.560440   7.163418 0.678326   1
  1530    103 ASN    CB        4.28400    5.38400    3.64300  15.227772  11.276862 0.740546   1
  1533    103 ASN    CG        4.18800    5.43700    3.75100  17.292707  12.144928 0.702315   1
  1534    103 ASN    OD1       4.23200    5.51000    3.83900  19.096903  13.530235 0.708504   1
  1535    103 ASN    ND2       4.05900    5.40600    3.75400  16.239760  11.751624 0.723633   1
  1538    103 ASN    C         4.39800    5.18000    3.54800   9.980020   7.323838 0.733850   1
  1539    103 ASN    O         4.49600    5.23000    3.49200  13.214785   9.499750 0.718873   1
  1540    104 LYS    N         4.36300    5.05400    3.51300   6.231768   4.637681 0.744200   1
  1542    104 LYS    CA        4.41500    4.98300    3.39300   5.117882   3.844078 0.751107   1
  1544    104 LYS    CB        4.49500    4.85900    3.44800   6.078921   4.550225 0.748525   1
  1547    104 LYS    CG        4.62800    4.89700    3.51000  10.503497   8.260870 0.786488   1
  1550    104 LYS    CD        4.72600    4.77800    3.52900  12.980020  11.049975 0.851306   1
  1553    104 LYS    CE        4.86000    4.83600    3.58200  16.477522  13.277361 0.805786   1
  1556    104 LYS    NZ        4.95900    4.72600    3.59900  19.921079  15.361819 0.771134   1
  1560    104 LYS    C         4.29700    4.93300    3.30800   2.617383   1.892054 nan        0
  1561    104 LYS    O         4.18200    4.94300    3.35100   2.102897   1.746127 nan        0
  1562    105 HIS    N         4.32700    4.88200    3.18300   3.563437   2.138431 nan        0
  1564    105 HIS    CA        4.24500    4.79000    3.11100   1.953047   1.333333 nan        0
  1566    105 HIS    CB        4.29900    4.77800    2.96300   4.049950   3.090955 0.763208   1
  1569    105 HIS    CG        4.28800    4.90800    2.88600   8.486513   5.455772 0.642876   1
  1570    105 HIS    ND1       4.38500    5.01000    2.85900  12.866134   9.243878 0.718466   1
  1571    105 HIS    CE1       4.32300    5.10000    2.78200  14.796204  10.725137 0.724857   1
  1573    105 HIS    NE2       4.19300    5.06200    2.75900  12.650350   8.991004 0.710732   1
  1575    105 HIS    CD2       4.17200    4.94900    2.83000   8.533467   5.722639 0.670611   1
  1577    105 HIS    C         4.25200    4.65300    3.17100   1.088911   1.046977 nan        0
  1578    105 HIS    O         4.33200    4.61300    3.25700   1.175824   1.269865 nan        0
  1579    106 ILE    N         4.14800    4.58000    3.13400   0.954046   1.035982 nan        0
  1581    106 ILE    CA        4.12800    4.44200    3.18800   1.495504   1.653673 nan        0
  1583    106 ILE    CB        4.00400    4.42800    3.28100   1.530470   1.662669 nan        0
  1585    106 ILE    CG2       4.03500    4.53900    3.38500   1.527473   1.661669 nan        0
  1589    106 ILE    CG1       3.87000    4.46500    3.20900   1.550450   1.662169 nan        0
  1592    106 ILE    CD        3.75700    4.41800    3.29400   1.999001   1.992504 nan        0
  1596    106 ILE    C         4.11300    4.33800    3.07300   1.326673   1.597701 nan        0
  1597    106 ILE    O         4.06400    4.37800    2.96700   1.000999   1.015992 nan        0
  1598    107 ILE    N         4.15500    4.21500    3.09200   1.444555   1.641179 nan        0
  1600    107 ILE    CA        4.13100    4.10800    2.99300   1.707293   1.283358 nan        0
  1602    107 ILE    CB        4.26200    4.06100    2.92900   4.393606   2.960520 0.673825   1
  1604    107 ILE    CG2       4.24200    3.93800    2.83600   3.643357   2.190905 nan        0
  1608    107 ILE    CG1       4.34300    4.16200    2.84500   5.222777   3.381809 0.647512   1
  1611    107 ILE    CD        4.42300    4.26400    2.93200   5.758242   3.915542 0.679989   1
  1615    107 ILE    C         4.05800    3.99000    3.06300   1.554446   1.628686 nan        0
  1616    107 ILE    O         4.09800    3.94300    3.17000   1.644356   1.663168 nan        0
  1617    108 VAL    N         3.94700    3.95500    3.00500   1.526474   1.355322 nan        0
  1619    108 VAL    CA        3.86000    3.84800    3.05800   1.526474   1.392304 nan        0
  1621    108 VAL    CB        3.72800    3.90800    3.12100   1.530470   1.657671 nan        0
  1623    108 VAL    CG1       3.73600    3.93500    3.26500   2.000000   1.901049 nan        0
  1627    108 VAL    CG2       3.66000    4.02600    3.04100   1.525475   1.618191 nan        0
  1631    108 VAL    C         3.81800    3.74800    2.95100   0.993007   0.042979 nan        0
  1632    108 VAL    O         3.78500    3.78200    2.84100   0.043956   0.000000 nan        0
  1633    109 ALA    N         3.82000    3.62000    2.99500   0.539461   0.596202 nan        0
  1635    109 ALA    CA        3.76800    3.50000    2.91300   1.715285   1.947526 nan        0
  1637    109 ALA    CB        3.83900    3.36400    2.95600   2.494505   2.635182 nan        0
  1641    109 ALA    C         3.62100    3.47800    2.92800   1.010989   1.738631 nan        0
  1642    109 ALA    O         3.56600    3.50400    3.03200   0.558442   0.562219 nan        0
  1643    110 CYS    N         3.55200    3.46000    2.82100   1.795205   1.563718 nan        0
  1645    110 CYS    CA        3.40600    3.46900    2.81600   1.219780   0.986507 nan        0
  1647    110 CYS    CB        3.37000    3.60000    2.73200   0.759241   0.635682 nan        0
  1650    110 CYS    SG        3.42700    3.74500    2.80800   0.005994   0.006997 nan        0
  1651    110 CYS    C         3.35100    3.33300    2.75400   4.198801   3.423788 0.815420   1
  1652    110 CYS    O         3.40300    3.27600    2.65600   6.943057   4.721639 0.680052   1
  1653    111 GLU    N         3.24300    3.28300    2.81200   5.437562   5.114943 0.940668   1
  1655    111 GLU    CA        3.17200    3.16600    2.76200   9.999001   8.522239 0.852309   1
  1657    111 GLU    CB        3.21300    3.03700    2.82900  14.119880  12.146927 0.860271   1
  1660    111 GLU    CG        3.36000    3.01500    2.84100  14.357642  12.641679 0.880484   1
  1663    111 GLU    CD        3.40900    2.87700    2.89100  19.398601  16.404298 0.845643   1
  1664    111 GLU    OE1       3.53300    2.85700    2.90700  20.090909  16.314343 0.812026   1
  1665    111 GLU    OE2       3.32400    2.78400    2.92100  21.829171  17.374313 0.795922   1
  1666    111 GLU    C         3.02900    3.17700    2.79400  11.763237  10.236382 0.870201   1
  1667    111 GLU    O         2.99200    3.25700    2.88200   8.115884   7.730635 0.952531   1
  1668    112 GLY    N         2.93900    3.10600    2.72600  15.718282  12.527236 0.796985   1
  1670    112 GLY    CA        2.80200    3.09600    2.77000  15.589411  12.178911 0.781230   1
  1673    112 GLY    C         2.69400    3.16300    2.69000  15.774226  11.792104 0.747555   1
  1674    112 GLY    O         2.71100    3.22100    2.58600  15.535465  11.131934 0.716550   1
  1675    113 ASN    N         2.57400    3.14500    2.73800  17.153846  12.366317 0.720906   1
  1677    113 ASN    CA        2.46000    3.22100    2.68900  17.238761  12.889055 0.747679   1
  1679    113 ASN    CB        2.37300    3.14600    2.59000  20.765235  14.024488 0.675383   1
  1682    113 ASN    CG        2.25900    3.23100    2.53400  21.845155  15.367816 0.703489   1
  1683    113 ASN    OD1       2.14400    3.20900    2.57400  23.020979  15.020490 0.652470   1
  1684    113 ASN    ND2       2.28700    3.31900    2.44800  20.848152  14.746627 0.707335   1
  1687    113 ASN    C         2.37400    3.27000    2.80600  17.971029  12.912044 0.718492   1
  1688    113 ASN    O         2.29600    3.18600    2.85400  19.395604  13.248876 0.683087   1
  1689    114 PRO    N         2.38100    3.39200    2.86100  17.175824  11.770615 0.685301   1
  1690    114 PRO    CD        2.30300    3.42600    2.98000  19.253746  12.085957 0.627720   1
  1693    114 PRO    CG        2.35100    3.56000    3.02500  19.167832  12.206397 0.636817   1
  1696    114 PRO    CB        2.42100    3.62700    2.90700  18.251748  11.136932 0.610184   1
  1699    114 PRO    CA        2.45100    3.50800    2.80700  15.777223  10.701649 0.678297   1
  1701    114 PRO    C         2.60000    3.48000    2.80800  11.318681   8.378811 0.740264   1
  1702    114 PRO    O         2.64900    3.42100    2.90000   9.445554   7.514743 0.795585   1
  1703    115 TYR    N         2.67400    3.54700    2.72100  10.914086   8.631184 0.790830   1
  1705    115 TYR    CA        2.81800    3.54600    2.70400   9.919081   8.036482 0.810204   1
  1707    115 TYR    CB        2.84500    3.57400    2.56400  11.725275   9.473763 0.807978   1
  1710    115 TYR    CG        2.98100    3.54100    2.51100  12.221778   9.715642 0.794945   1
  1711    115 TYR    CD1       3.01800    3.40300    2.50100  12.363636   8.753123 0.707973   1
  1713    115 TYR    CE1       3.14300    3.36600    2.44800  12.145854   7.921039 0.652160   1
  1715    115 TYR    CZ        3.22700    3.47000    2.39800  12.812188   7.822089 0.610519   1
  1716    115 TYR    OH        3.33900    3.43200    2.33700  13.296703   7.256872 0.545765   1
  1718    115 TYR    CE2       3.18500    3.60700    2.40900  11.266733   7.817091 0.693821   1
  1720    115 TYR    CD2       3.06500    3.64100    2.46700  12.097902   9.980010 0.824937   1
  1722    115 TYR    C         2.88000    3.64600    2.80500   7.877123   6.740130 0.855659   1
  1723    115 TYR    O         2.85000    3.76400    2.78500   8.241758   6.864568 0.832901   1
  1724    116 VAL    N         2.94500    3.59800    2.90900   4.816184   4.074463 0.845994   1
  1726    116 VAL    CA        2.98200    3.68100    3.02900   6.305694   5.262369 0.834542   1
  1728    116 VAL    CB        2.87400    3.66700    3.13500   8.791209   6.865567 0.780958   1
  1730    116 VAL    CG1       2.73600    3.72200    3.09200  11.446553   8.522239 0.744524   1
  1734    116 VAL    CG2       2.85800    3.52800    3.18500   9.267732   7.539730 0.813546   1
  1738    116 VAL    C         3.11800    3.62900    3.07900   3.491508   3.701649 nan        0
  1739    116 VAL    O         3.16000    3.51800    3.04500   2.561439   2.832084 nan        0
  1740    117 PRO    N         3.19300    3.70500    3.16400   2.274725   2.484758 nan        0
  1741    117 PRO    CD        3.17100    3.84300    3.21000   2.459540   2.506747 nan        0
  1744    117 PRO    CG        3.31200    3.89600    3.24700   1.329670   1.581709 nan        0
  1747    117 PRO    CB        3.38900    3.77400    3.29800   1.514486   1.231384 nan        0
  1750    117 PRO    CA        3.32500    3.66400    3.21400   1.109890   1.411294 nan        0
  1752    117 PRO    C         3.31200    3.53300    3.29500   1.816184   2.353323 nan        0
  1753    117 PRO    O         3.22100    3.50200    3.37200   3.306693   3.687656 nan        0
  1754    118 VAL    N         3.41800    3.44600    3.26600   2.097902   2.266867 nan        0
  1756    118 VAL    CA        3.44500    3.31200    3.31600   5.297702   4.773613 0.901072   1
  1758    118 VAL    CB        3.42500    3.21300    3.19600   7.574426   6.256372 0.825986   1
  1760    118 VAL    CG1       3.51700    3.08700    3.22100  11.028971   8.971014 0.813404   1
  1764    118 VAL    CG2       3.27500    3.19100    3.17500   7.567433   6.094953 0.805419   1
  1768    118 VAL    C         3.59000    3.29900    3.38300   6.918082   4.930535 0.712703   1
  1769    118 VAL    O         3.60300    3.25800    3.49500   8.745255   5.492254 0.628027   1
  1770    119 HIS    N         3.70000    3.34700    3.32700   6.221778   4.960020 0.797203   1
  1772    119 HIS    CA        3.82500    3.37400    3.40200   8.164835   6.668166 0.816693   1
  1774    119 HIS    CB        3.92600    3.25800    3.38900  13.214785  11.284858 0.853957   1
  1777    119 HIS    CG        4.00700    3.25900    3.26200  13.794206  11.154423 0.808631   1
  1778    119 HIS    ND1       4.12400    3.32900    3.24900  11.511489   9.890555 0.859190   1
  1779    119 HIS    CE1       4.17500    3.30200    3.13000  10.026973   8.482759 0.845994   1
  1781    119 HIS    NE2       4.09900    3.20700    3.06700  10.792208   8.702649 0.806383   1
  1783    119 HIS    CD2       3.98900    3.18700    3.14700  13.173826   9.619190 0.730174   1
  1785    119 HIS    C         3.88000    3.51300    3.38000   5.631369   3.876562 0.688387   1
  1786    119 HIS    O         3.90400    3.55300    3.27100   3.455544   2.568216 nan        0
  1787    120 PHE    N         3.93700    3.56900    3.48700   8.370629   5.957521 0.711717   1
  1789    120 PHE    CA        4.02400    3.69200    3.47300   7.678322   6.444778 0.839347   1
  1791    120 PHE    CB        4.04300    3.76800    3.61300   8.225774   7.357821 0.894484   1
  1794    120 PHE    CG        4.10700    3.91200    3.60800   7.314685   6.378311 0.871987   1
  1795    120 PHE    CD1       4.24100    3.92200    3.57200   8.611389   7.694653 0.893544   1
  1797    120 PHE    CE1       4.30400    4.05000    3.57400   7.732268   6.792104 0.878410   1
  1799    120 PHE    CZ        4.23200    4.16500    3.61100   5.370629   5.362819 0.998546   1
  1801    120 PHE    CE2       4.09700    4.15400    3.65000   4.535465   3.912544 0.862656   1
  1803    120 PHE    CD2       4.04100    4.02900    3.64900   4.434565   3.771614 0.850504   1
  1805    120 PHE    C         4.15900    3.64900    3.42200   9.247752   7.457271 0.806387   1
  1806    120 PHE    O         4.22300    3.56500    3.49200  13.191808  10.632684 0.806007   1
  1807    121 ASP    N         4.20900    3.71300    3.31500   6.798202   5.024988 0.739164   1
  1809    121 ASP    CA        4.33500    3.67400    3.25600   8.868132   7.017991 0.791372   1
  1811    121 ASP    CB        4.32500    3.65900    3.09800   6.136863   3.986507 0.649600   1
  1814    121 ASP    CG        4.44200    3.57000    3.04600   7.074925   4.940530 0.698315   1
  1815    121 ASP    OD1       4.46200    3.45500    3.09400   7.580420   6.617691 0.872998   1
  1816    121 ASP    OD2       4.51300    3.61800    2.95500   7.622378   4.712144 0.618199   1
  1817    121 ASP    C         4.45000    3.76100    3.29800  12.115884   8.176412 0.674851   1
  1818    121 ASP    O         4.53500    3.69800    3.36300  14.692308   9.700150 0.660220   1
  1819    122 ALA    N         4.45100    3.88900    3.26400   9.843157   6.314343 0.641496   1
  1821    122 ALA    CA        4.54400    4.00000    3.29300  11.938062   7.428286 0.622235   1
  1823    122 ALA    CB        4.65600    3.99500    3.18700  12.993007   7.601699 0.585061   1
  1827    122 ALA    C         4.47400    4.13500    3.30300   9.522478   5.332834 0.560026   1
  1828    122 ALA    O         4.35700    4.14500    3.26900   5.233766   3.086457 0.589720   1
  1829    123 SER    N         4.54800    4.23700    3.35600  10.768232   7.181409 0.666907   1
  1831    123 SER    CA        4.52500    4.37600    3.32100   7.288711   5.535232 0.759425   1
  1833    123 SER    CB        4.50700    4.45600    3.45400   6.327672   5.617191 0.887718   1
  1836    123 SER    OG        4.61600    4.44700    3.54000  10.243756   7.606197 0.742520   1
  1838    123 SER    C         4.64100    4.43400    3.23700   9.738262   6.062469 0.622541   1
  1839    123 SER    O         4.74800    4.37700    3.23400  13.824176   8.492754 0.614341   1
  1840    124 VAL    N         4.61200    4.54600    3.16700   9.140859   5.080460 0.555797   1
  1842    124 VAL    CA        4.71400    4.62700    3.09600  13.071928   9.106447 0.696641   1
  1844    124 VAL    CB        4.68900    4.61200    2.94200  15.189810  10.203398 0.671727   1
  1846    124 VAL    CG1       4.76500    4.71800    2.85800  18.800200  12.299350 0.654214   1
  1850    124 VAL    CG2       4.72300    4.46800    2.89200  13.851149   8.471264 0.611593   1
  1854    124 VAL    C         4.71400    4.76800    3.15400  13.893107   9.382809 0.675357   1
  1855    124 VAL    OC1       4.61500    4.84200    3.15300  10.657343   7.632184 0.716143   1
  1856    124 VAL    OC2       4.82700    4.79800    3.20400  17.154845  12.129935 0.707085   1
