# atom_index_1based resid resname atomname x_nm y_nm z_nm n0 nS eta surface
     1      1 GLY    N         4.23100    2.63800    2.57400  20.336663   3.809595 0.187326   1
     5      1 GLY    CA        4.23800    2.77100    2.64100  16.029970   4.491754 0.280210   1
     8      1 GLY    C         4.37600    2.82600    2.61400  15.219780   5.215392 0.342672   1
     9      1 GLY    O         4.46400    2.78300    2.69100  14.989011   4.670165 0.311573   1
    10      2 ASP    N         4.39800    2.91500    2.51700  14.557443   5.411794 0.371754   1
    12      2 ASP    CA        4.52300    2.98600    2.49900  12.620380   5.682159 0.450237   1
    14      2 ASP    CB        4.53300    3.02500    2.35300  13.249750   5.633183 0.425154   1
    17      2 ASP    CG        4.67400    3.08500    2.32400  15.240759   6.051974 0.397091   1
    18      2 ASP    OD1       4.76500    3.00100    2.29600  19.252747   4.933533 0.256251   1
    19      2 ASP    OD2       4.69500    3.20600    2.32900  11.700300   6.719640 0.574314   1
    20      2 ASP    C         4.55900    3.10100    2.59700   7.697303   6.179910 0.802867   1
    21      2 ASP    O         4.47900    3.19100    2.62200   3.512488   6.060470 nan        0
    22      3 VAL    N         4.68200    3.10200    2.64500   8.408591   6.091454 0.724432   1
    24      3 VAL    CA        4.72900    3.20000    2.74900   7.016983   5.734633 0.817250   1
    26      3 VAL    CB        4.84000    3.14500    2.84000  11.666334   4.878561 0.418174   1
    28      3 VAL    CG1       4.90200    3.23700    2.94700  10.305694   3.069465 0.297842   1
    32      3 VAL    CG2       4.78400    3.02000    2.92100  13.177822   4.117941 0.312490   1
    36      3 VAL    C         4.75800    3.33400    2.68700   5.855145   6.558721 1.120164   1
    37      3 VAL    O         4.75500    3.42900    2.76200   4.063936   5.749125 1.414669   1
    38      4 GLU    N         4.78400    3.35300    2.56000   8.945055   7.335832 0.820099   1
    40      4 GLU    CA        4.81900    3.47600    2.49700  11.466533   6.612694 0.576695   1
    42      4 GLU    CB        4.92500    3.45700    2.39000  16.533467   6.686657 0.404432   1
    45      4 GLU    CG        5.07200    3.42800    2.43800  19.869131   6.948026 0.349689   1
    48      4 GLU    CD        5.15800    3.38600    2.31400  24.284715   6.619690 0.272587   1
    49      4 GLU    OE1       5.26500    3.45100    2.29800  25.605395   6.592704 0.257473   1
    50      4 GLU    OE2       5.12200    3.29200    2.23500  23.726274   5.765617 0.243006   1
    51      4 GLU    C         4.69100    3.54000    2.44000   8.865135   5.838081 0.658544   1
    52      4 GLU    O         4.67400    3.66100    2.45900   8.447552   4.717141 0.558403   1
    53      5 LYS    N         4.59300    3.46400    2.38000   8.153846   6.351824 0.778997   1
    55      5 LYS    CA        4.45900    3.51100    2.34700   8.452547   4.927536 0.582965   1
    57      5 LYS    CB        4.37500    3.40600    2.27800  11.100899   4.802099 0.432586   1
    60      5 LYS    CG        4.44200    3.36000    2.14600  15.889111   4.362319 0.274548   1
    63      5 LYS    CD        4.34000    3.26600    2.08500  18.845155   3.796602 0.201463   1
    66      5 LYS    CE        4.39800    3.23100    1.94700  23.254745   2.423788 0.104228   1
    69      5 LYS    NZ        4.33400    3.10500    1.90000  24.822178   1.252874 0.050474   1
    73      5 LYS    C         4.39000    3.54500    2.47400   5.517483   4.107446 0.744442   1
    74      5 LYS    O         4.32600    3.65000    2.49000   5.737263   3.273863 0.570632   1
    75      6 GLY    N         4.40400    3.47200    2.58400   1.788212   4.179410 nan        0
    77      6 GLY    CA        4.34600    3.49800    2.71800   0.330669   3.611194 nan        0
    80      6 GLY    C         4.39900    3.62800    2.78300   0.268731   2.846077 nan        0
    81      6 GLY    O         4.32800    3.69200    2.86300   0.010989   2.128436 nan        0
    82      7 LYS    N         4.52500    3.67300    2.75100   1.718282   2.482759 nan        0
    84      7 LYS    CA        4.57800    3.80100    2.80400   3.082917   1.200900 nan        0
    86      7 LYS    CB        4.72900    3.80900    2.79600   7.966034   0.907046 0.113864   1
    89      7 LYS    CG        4.78900    3.94400    2.82200  13.046953   0.240880 0.018463   1
    92      7 LYS    CD        4.94700    3.93800    2.80300  16.557443   1.165417 0.070386   1
    95      7 LYS    CE        5.01100    4.05900    2.87000  20.910090   0.909545 0.043498   1
    98      7 LYS    NZ        5.15500    4.05200    2.83900  23.361638   1.618691 0.069288   1
   102      7 LYS    C         4.50800    3.90900    2.72300   3.522478   0.905547 nan        0
   103      7 LYS    O         4.45800    4.00400    2.77600   2.867133   0.613693 nan        0
   104      8 LYS    N         4.49100    3.88900    2.59400   5.661339   1.320340 0.233220   1
   106      8 LYS    CA        4.43700    3.98700    2.50300   7.149850   1.135432 0.158805   1
   108      8 LYS    CB        4.46900    3.94200    2.36100  11.280719   1.410795 0.125062   1
   111      8 LYS    CG        4.42500    4.04800    2.25900  14.840160   1.274863 0.085906   1
   114      8 LYS    CD        4.45300    4.02800    2.10800  19.529471   0.875562 0.044833   1
   117      8 LYS    CE        4.60100    4.03900    2.07700  22.305694   1.133433 0.050814   1
   120      8 LYS    NZ        4.62600    4.01500    1.92800  25.277722   1.017991 0.040272   1
   124      8 LYS    C         4.28400    4.00500    2.52300   5.303696   1.987006 0.374646   1
   125      8 LYS    O         4.23300    4.11500    2.51600   5.792208   2.095452 0.361771   1
   126      9 ILE    N         4.21300    3.89700    2.56000   3.301698   2.346827 nan        0
   128      9 ILE    CA        4.07100    3.91300    2.60200   3.355644   3.532734 nan        0
   130      9 ILE    CB        4.00300    3.77100    2.61200   3.383616   3.651174 nan        0
   132      9 ILE    CG2       3.85300    3.78700    2.64900   2.133866   3.848076 nan        0
   136      9 ILE    CG1       3.99000    3.70000    2.47500   6.176823   3.676662 0.595235   1
   139      9 ILE    CD        3.96600    3.55300    2.47800   5.526474   3.623188 0.655606   1
   143      9 ILE    C         4.06900    3.99900    2.73000   1.311688   2.998501 nan        0
   144      9 ILE    O         3.97700    4.08700    2.75200   1.829171   3.548226 nan        0
   145     10 PHE    N         4.15900    3.97500    2.82300   0.137862   1.327836 nan        0
   147     10 PHE    CA        4.17200    4.04500    2.95600   0.269730   0.186907 nan        0
   149     10 PHE    CB        4.26300    3.97000    3.05500   1.289710   0.053973 nan        0
   152     10 PHE    CG        4.27800    4.03100    3.19200   1.764236   0.009995 nan        0
   153     10 PHE    CD1       4.37200    4.14000    3.22200   4.580420   0.105447 0.023021   1
   155     10 PHE    CE1       4.35400    4.20900    3.34900   4.993007   0.132934 0.026624   1
   157     10 PHE    CZ        4.25700    4.16600    3.44200   3.475524   0.071464 nan        0
   159     10 PHE    CE2       4.17500    4.05700    3.41200   1.395604   0.015492 nan        0
   161     10 PHE    CD2       4.18500    3.98600    3.28700   0.905095   0.000000 nan        0
   163     10 PHE    C         4.20900    4.18900    2.94600   1.991009   0.252374 nan        0
   164     10 PHE    O         4.15400    4.27200    3.01700   2.675325   0.918541 nan        0
   165     11 VAL    N         4.31100    4.21900    2.85600   3.145854   0.184908 nan        0
   167     11 VAL    CA        4.35700    4.35300    2.83200   8.251748   0.293353 0.035550   1
   169     11 VAL    CB        4.49000    4.35900    2.75200  12.297702   0.381309 0.031007   1
   171     11 VAL    CG1       4.53800    4.49700    2.71100  16.662338   0.720140 0.043220   1
   175     11 VAL    CG2       4.60000    4.29300    2.83100  11.620380   0.177911 0.015310   1
   179     11 VAL    C         4.25100    4.44100    2.77000   9.726274   0.616692 0.063405   1
   180     11 VAL    O         4.22500    4.55100    2.81400  12.181818   0.532234 0.043691   1
   181     12 GLN    N         4.16700    4.38000    2.68800   8.587413   0.932034 0.108535   1
   183     12 GLN    CA        4.05300    4.45100    2.62100  12.471528   1.984008 0.159083   1
   185     12 GLN    CB        4.02500    4.37700    2.48400  14.020979   2.231884 0.159182   1
   188     12 GLN    CG        4.13200    4.37500    2.37500  15.192807   1.814093 0.119405   1
   191     12 GLN    CD        4.10000    4.27800    2.26200  17.036963   2.091954 0.122789   1
   192     12 GLN    OE1       3.98900    4.22500    2.25000  15.949051   3.113443 0.195212   1
   193     12 GLN    NE2       4.18900    4.24600    2.17200  18.954046   1.699650 0.089672   1
   196     12 GLN    C         3.92300    4.47000    2.70800  12.163836   2.462769 0.202466   1
   197     12 GLN    O         3.86000    4.57700    2.69300  15.683317   2.198901 0.140206   1
   198     13 LYS    N         3.89200    4.36800    2.78900   8.440559   3.044978 0.360755   1
   200     13 LYS    CA        3.76200    4.35300    2.85100   9.253746   3.329835 0.359836   1
   202     13 LYS    CB        3.69300    4.22300    2.80100   8.110889   4.384808 0.540608   1
   205     13 LYS    CG        3.67600    4.19900    2.65400   9.729271   5.483258 0.563584   1
   208     13 LYS    CD        3.59000    4.07000    2.61800   9.493506   5.799100 0.610849   1
   211     13 LYS    CE        3.56700    4.07100    2.46800  13.967033   6.991504 0.500572   1
   214     13 LYS    NZ        3.47500    3.96000    2.43400  14.291708   6.475762 0.453113   1
   218     13 LYS    C         3.76100    4.36700    3.00600   7.216783   2.601199 0.360438   1
   219     13 LYS    O         3.65300    4.38800    3.06100   8.503497   2.163918 0.254474   1
   220     14 CYS    N         3.87100    4.35700    3.07700   5.352647   1.725137 0.322296   1
   222     14 CYS    CA        3.87200    4.34300    3.22900   4.462537   1.126437 0.252421   1
   224     14 CYS    CB        3.91000    4.19500    3.25800   2.736264   0.917041 nan        0
   227     14 CYS    SG        3.78800    4.07500    3.19100   1.838162   1.311844 nan        0
   229     14 CYS    C         3.96200    4.43000    3.30900   4.755245   1.111944 0.233835   1
   230     14 CYS    O         3.93100    4.48100    3.41500   4.951049   0.905547 0.182900   1
   231     15 ALA    N         4.07000    4.46100    3.24400   6.869131   1.188906 0.173079   1
   233     15 ALA    CA        4.18500    4.53900    3.28800   9.445554   1.113443 0.117880   1
   235     15 ALA    CB        4.28600    4.53800    3.17300  11.721279   1.089455 0.092947   1
   239     15 ALA    C         4.13900    4.67900    3.33200  11.033966   1.219890 0.110558   1
   240     15 ALA    O         4.18600    4.73000    3.43100  12.249750   1.253373 0.102318   1
   241     16 GLN    N         4.04200    4.73800    3.26400  11.599401   1.316342 0.113484   1
   243     16 GLN    CA        3.98300    4.86400    3.31500  13.753247   1.309845 0.095239   1
   245     16 GLN    CB        3.87600    4.90400    3.21600  17.031968   1.442279 0.084681   1
   248     16 GLN    CG        3.78500    5.02400    3.25800  20.545455   1.284358 0.062513   1
   251     16 GLN    CD        3.66500    5.05500    3.17100  23.357642   0.931034 0.039860   1
   252     16 GLN    OE1       3.67000    5.10600    3.06200  24.403596   0.613693 0.025148   1
   253     16 GLN    NE2       3.54600    5.00900    3.20500  21.152847   1.241379 0.058686   1
   256     16 GLN    C         3.92500    4.86000    3.45500  10.941059   1.361819 0.124469   1
   257     16 GLN    O         3.93500    4.95500    3.53700  11.279720   1.426787 0.126491   1
   258     17 CYS    N         3.86900    4.74800    3.49900   8.220779   1.146427 0.139455   1
   260     17 CYS    CA        3.80500    4.74100    3.62600   6.602398   0.479260 0.072589   1
   262     17 CYS    CB        3.65600    4.71000    3.61100   9.548452   0.698151 0.073117   1
   265     17 CYS    SG        3.55700    4.85000    3.54000  13.703297   1.417291 0.103427   1
   267     17 CYS    C         3.87300    4.64200    3.72600   3.974026   0.649175 nan        0
   268     17 CYS    O         3.83000    4.63800    3.84000   3.718282   0.849075 nan        0
   269     18 HIS    N         3.98500    4.57300    3.69300   2.788212   0.502249 nan        0
   271     18 HIS    CA        4.04800    4.46800    3.77300   1.583417   0.537231 nan        0
   273     18 HIS    CB        3.98800    4.33100    3.73800   1.581419   0.583708 nan        0
   276     18 HIS    CG        3.84200    4.30600    3.78000   3.489510   0.650675 nan        0
   277     18 HIS    ND1       3.80800    4.27900    3.91200   4.706294   0.704648 0.149725   1
   279     18 HIS    CE1       3.68300    4.23900    3.91900   7.009990   1.021989 0.145790   1
   281     18 HIS    NE2       3.62900    4.24000    3.79800   7.580420   0.763118 0.100670   1
   282     18 HIS    CD2       3.73100    4.28100    3.70600   5.882118   0.695152 0.118181   1
   284     18 HIS    C         4.20400    4.46900    3.76100   3.610390   0.353323 nan        0
   285     18 HIS    O         4.27500    4.49800    3.66400   5.843157   0.536732 0.091856   1
   286     19 THR    N         4.26000    4.41500    3.86700   3.150849   0.435782 nan        0
   288     19 THR    CA        4.40400    4.38800    3.87300   4.858142   0.409295 0.084249   1
   290     19 THR    CB        4.46100    4.47100    3.98500   5.663337   0.654673 0.115598   1
   292     19 THR    CG2       4.61400    4.48400    3.98200   8.564436   2.151924 0.251263   1
   296     19 THR    OG1       4.41300    4.60200    3.98400   6.609391   1.011494 0.153039   1
   298     19 THR    C         4.42900    4.24200    3.90900   3.362637   0.254873 nan        0
   299     19 THR    O         4.35200    4.18100    3.99000   1.236763   0.276862 nan        0
   300     20 VAL    N         4.53100    4.17200    3.85200   4.990010   0.319840 0.064096   1
   302     20 VAL    CA        4.55800    4.03900    3.88300   4.298701   0.216892 0.050455   1
   304     20 VAL    CB        4.54900    3.93700    3.76600   5.256743   0.155922 0.029661   1
   306     20 VAL    CG1       4.41600    3.96100    3.68600   2.261738   0.097451 nan        0
   310     20 VAL    CG2       4.67900    3.93300    3.67100   7.895105   0.266867 0.033802   1
   314     20 VAL    C         4.69000    4.00700    3.96100   5.349650   0.380310 0.071091   1
   315     20 VAL    O         4.70100    3.89400    4.00700   3.824176   0.207396 nan        0
   316     21 GLU    N         4.78200    4.09900    3.97100   7.489510   0.661669 0.088346   1
   318     21 GLU    CA        4.90900    4.09000    4.03600  10.668332   1.442779 0.135239   1
   320     21 GLU    CB        5.00500    4.18400    3.96400  16.472527   2.608196 0.158336   1
   323     21 GLU    CG        4.95900    4.33500    3.94200  17.504496   2.657171 0.151799   1
   326     21 GLU    CD        4.90300    4.35700    3.80100  19.140859   2.532234 0.132295   1
   327     21 GLU    OE1       4.80400    4.29500    3.74800  16.248751   1.585707 0.097589   1
   328     21 GLU    OE2       4.94800    4.45900    3.74600  20.719281   3.198901 0.154392   1
   329     21 GLU    C         4.90300    4.11200    4.18300   8.245754   1.340830 0.162608   1
   330     21 GLU    O         4.83000    4.19600    4.23400   6.677323   1.102449 0.165103   1
   331     22 LYS    N         4.97800    4.02500    4.25500   9.846154   1.873063 0.190233   1
   333     22 LYS    CA        4.97000    4.00900    4.40200  11.371628   1.870065 0.164450   1
   335     22 LYS    CB        5.06200    3.88700    4.44800  14.546454   2.437281 0.167552   1
   338     22 LYS    CG        5.05700    3.87400    4.60400  18.320679   2.906547 0.158648   1
   341     22 LYS    CD        5.16100    3.77200    4.64100  19.424575   4.572714 0.235409   1
   344     22 LYS    CE        5.14200    3.71900    4.78000  21.584416   5.012994 0.232251   1
   347     22 LYS    NZ        5.19000    3.81100    4.88300  24.118881   4.915042 0.203784   1
   351     22 LYS    C         5.01500    4.14000    4.47400  14.454545   2.429285 0.168064   1
   352     22 LYS    O         5.11900    4.19600    4.43500  16.171828   2.542229 0.157201   1
   353     23 GLY    N         4.93800    4.18600    4.57500  15.123876   2.216392 0.146549   1
   355     23 GLY    CA        4.95600    4.31500    4.64200  18.338661   2.399300 0.130833   1
   358     23 GLY    C         4.92000    4.43400    4.55700  18.727273   2.197901 0.117364   1
   359     23 GLY    O         4.93600    4.54700    4.59800  20.945055   1.792604 0.085586   1
   360     24 GLY    N         4.86200    4.41300    4.43600  14.225774   1.513243 0.106373   1
   362     24 GLY    CA        4.82500    4.52700    4.35700  12.310689   1.254373 0.101893   1
   365     24 GLY    C         4.69300    4.59600    4.38800  12.686314   0.854573 0.067362   1
   366     24 GLY    O         4.60900    4.54500    4.46000  12.218781   0.872064 0.071371   1
   367     25 LYS    N         4.67500    4.71400    4.32200  13.714286   2.071964 0.151081   1
   369     25 LYS    CA        4.56000    4.80000    4.35800  13.472527   1.228386 0.091177   1
   371     25 LYS    CB        4.57900    4.93600    4.29600  16.621379   2.365817 0.142336   1
   374     25 LYS    CG        4.56300    4.93800    4.14300  16.368631   3.196902 0.195307   1
   377     25 LYS    CD        4.57300    5.09000    4.10500  19.725275   4.771114 0.241878   1
   380     25 LYS    CE        4.57100    5.11100    3.95200  19.476523   5.462769 0.280480   1
   383     25 LYS    NZ        4.60600    5.24800    3.91000  23.269730   5.476762 0.235360   1
   387     25 LYS    C         4.42900    4.72600    4.33000   9.881119   0.142929 0.014465   1
   388     25 LYS    O         4.42000    4.65100    4.23600   6.305694   0.291354 0.046205   1
   389     26 HIS    N         4.33100    4.74700    4.41800  10.017982   0.183408 0.018308   1
   391     26 HIS    CA        4.19300    4.76000    4.37000   7.803197   0.204898 0.026258   1
   393     26 HIS    CB        4.09900    4.77500    4.49200  10.116883   0.389805 0.038530   1
   396     26 HIS    CG        4.10900    4.66300    4.59100   9.826174   0.929035 0.094547   1
   397     26 HIS    ND1       4.14300    4.53300    4.55800   7.096903   1.721139 0.242520   1
   398     26 HIS    CE1       4.14500    4.46200    4.67300   8.570430   2.641179 0.308174   1
   400     26 HIS    NE2       4.10200    4.54100    4.77900  10.408591   2.190405 0.210442   1
   402     26 HIS    CD2       4.08900    4.66400    4.72700  12.383616   0.887056 0.071631   1
   404     26 HIS    C         4.16500    4.86500    4.25900   9.749251   0.252374 0.025886   1
   405     26 HIS    O         4.23500    4.95900    4.24600  12.658342   0.593203 0.046863   1
   406     27 LYS    N         4.06000    4.84100    4.17900   8.128871   0.367816 0.045248   1
   408     27 LYS    CA        4.00100    4.93900    4.08200   9.376623   0.531234 0.056655   1
   410     27 LYS    CB        4.04300    4.90000    3.94300   7.822178   0.317341 0.040569   1
   413     27 LYS    CG        4.19300    4.86900    3.92200   9.156843   0.554723 0.060580   1
   416     27 LYS    CD        4.24700    4.83700    3.77800  10.896104   1.480760 0.135898   1
   419     27 LYS    CE        4.22700    4.96100    3.69200  15.239760   1.763618 0.115725   1
   422     27 LYS    NZ        4.30500    4.95300    3.56800  17.175824   2.004498 0.116705   1
   426     27 LYS    C         3.85300    4.95300    4.10500  10.587413   0.827086 0.078120   1
   427     27 LYS    O         3.80700    4.92700    4.21700  12.568432   0.918041 0.073043   1
   428     28 THR    N         3.77200    4.98600    4.00000  11.941059   0.814093 0.068176   1
   430     28 THR    CA        3.62900    4.97100    4.01100  15.800200   0.876562 0.055478   1
   432     28 THR    CB        3.55700    4.99900    3.87900  18.298701   1.098451 0.060029   1
   434     28 THR    CG2       3.40900    5.02100    3.90300  19.680320   1.729135 0.087861   1
   438     28 THR    OG1       3.58100    5.12700    3.81800  18.142857   1.114443 0.061426   1
   440     28 THR    C         3.58100    4.84000    4.06900  12.823177   0.901549 0.070306   1
   441     28 THR    O         3.48800    4.83900    4.14500  13.342657   0.912544 0.068393   1
   442     29 GLY    N         3.65200    4.73000    4.04300   8.490509   0.974513 0.114777   1
   444     29 GLY    CA        3.64200    4.60500    4.12400   6.865135   1.393803 0.203026   1
   447     29 GLY    C         3.76800    4.56200    4.19900   4.816184   1.430285 0.296975   1
   448     29 GLY    O         3.87100    4.63100    4.19400   2.964036   0.881559 nan        0
   449     30 PRO    N         3.76300    4.44900    4.27400   4.456543   1.678161 0.376561   1
   450     30 PRO    CD        3.66000    4.34300    4.28300   7.331668   1.951524 0.266177   1
   453     30 PRO    CG        3.73000    4.22600    4.35000   7.049950   2.666667 0.378253   1
   456     30 PRO    CB        3.82800    4.29200    4.44900   3.290709   3.245877 nan        0
   459     30 PRO    CA        3.87800    4.40400    4.36100   1.167832   2.147926 nan        0
   461     30 PRO    C         3.99900    4.35200    4.27700   1.648352   1.743128 nan        0
   462     30 PRO    O         3.99100    4.32100    4.15700   0.994006   1.228886 nan        0
   463     31 ASN    N         4.11200    4.33300    4.34800   3.587413   2.084458 nan        0
   465     31 ASN    CA        4.22500    4.25900    4.29500   4.548452   1.531234 0.336650   1
   467     31 ASN    CB        4.34800    4.28700    4.39100   5.526474   1.611194 0.291541   1
   470     31 ASN    CG        4.47500    4.22500    4.33600   5.611389   1.202899 0.214367   1
   471     31 ASN    OD1       4.49500    4.10700    4.32500   6.381618   1.201399 0.188259   1
   472     31 ASN    ND2       4.55500    4.30800    4.27100   3.851149   0.688656 nan        0
   475     31 ASN    C         4.19200    4.11000    4.29000   4.505495   1.769615 0.392768   1
   476     31 ASN    O         4.10300    4.05900    4.36000   5.678322   3.440780 0.605950   1
   477     32 LEU    N         4.24500    4.02600    4.20200   3.172827   0.903548 nan        0
   479     32 LEU    CA        4.20600    3.89200    4.16900   2.719281   1.278861 nan        0
   481     32 LEU    CB        4.16400    3.88200    4.01800   1.952048   0.838081 nan        0
   484     32 LEU    CG        4.04800    3.97600    3.97400   3.109890   0.484258 nan        0
   486     32 LEU    CD1       4.01700    3.97500    3.81900   2.135864   0.406297 nan        0
   490     32 LEU    CD2       3.91900    3.93400    4.03800   5.275724   0.750625 0.142279   1
   494     32 LEU    C         4.32800    3.80100    4.19300   2.821179   1.046477 nan        0
   495     32 LEU    O         4.32000    3.68400    4.14800   2.559441   0.982009 nan        0
   496     33 HIS    N         4.43100    3.83400    4.27600   4.842158   1.470765 0.303742   1
   498     33 HIS    CA        4.52900    3.73700    4.32700   6.583417   1.437781 0.218394   1
   500     33 HIS    CB        4.64600    3.81000    4.38000   7.436563   1.039480 0.139780   1
   503     33 HIS    CG        4.75200    3.71300    4.42100   9.539461   0.932034 0.097703   1
   504     33 HIS    ND1       4.81400    3.62900    4.32400   8.625375   0.811094 0.094036   1
   505     33 HIS    CE1       4.88000    3.54000    4.39600  10.480519   1.100450 0.105000   1
   507     33 HIS    NE2       4.85600    3.55000    4.52500  13.096903   1.607196 0.122716   1
   509     33 HIS    CD2       4.78200    3.66400    4.54100  12.543457   1.310345 0.104464   1
   511     33 HIS    C         4.46800    3.63400    4.43100  10.187812   1.663668 0.163300   1
   512     33 HIS    O         4.41800    3.68300    4.53700  10.195804   2.519240 0.247086   1
   513     34 GLY    N         4.49300    3.50200    4.40900  10.883117   1.495252 0.137392   1
   515     34 GLY    CA        4.44700    3.39200    4.48700  11.867133   1.770615 0.149203   1
   518     34 GLY    C         4.30100    3.36100    4.46700   9.969031   1.836082 0.184179   1
   519     34 GLY    O         4.24700    3.29600    4.55200  11.707293   1.846077 0.157686   1
   520     35 LEU    N         4.25200    3.39400    4.34400   7.050949   1.532734 0.217380   1
   522     35 LEU    CA        4.11000    3.38500    4.31000   6.186813   1.291854 0.208808   1
   524     35 LEU    CB        4.08600    3.44100    4.16500   5.207792   1.027486 0.197298   1
   527     35 LEU    CG        3.94800    3.41300    4.08900   5.596404   1.009495 0.180383   1
   529     35 LEU    CD1       3.84400    3.50000    4.15900   6.878122   1.295852 0.188402   1
   533     35 LEU    CD2       3.94500    3.46900    3.94500   3.428571   1.003998 nan        0
   537     35 LEU    C         4.06300    3.24000    4.31100   5.310689   1.619190 0.304893   1
   538     35 LEU    O         3.96600    3.20600    4.38100   5.734266   1.920040 0.334836   1
   539     36 PHE    N         4.13900    3.14600    4.25400   7.264735   1.840080 0.253289   1
   541     36 PHE    CA        4.10200    3.00400    4.24400   9.769231   2.032984 0.208101   1
   543     36 PHE    CB        4.18500    2.93100    4.13600  11.182817   2.440780 0.218262   1
   546     36 PHE    CG        4.16200    2.96300    3.99300   8.761239   2.485257 0.283665   1
   547     36 PHE    CD1       4.11600    2.86300    3.90600   8.659341   2.490255 0.287580   1
   549     36 PHE    CE1       4.10300    2.89300    3.76700   6.031968   2.609695 0.432644   1
   551     36 PHE    CZ        4.12400    3.02500    3.72000   3.936064   1.653673 nan        0
   553     36 PHE    CE2       4.16600    3.12200    3.80900   3.058941   1.828586 nan        0
   555     36 PHE    CD2       4.19100    3.09300    3.94400   5.728272   2.061469 0.359876   1
   557     36 PHE    C         4.12300    2.92900    4.37300  13.727273   2.144428 0.156217   1
   558     36 PHE    O         4.22000    2.94400    4.43800  14.618382   2.217391 0.151685   1
   559     37 GLY    N         4.02700    2.84500    4.40700  13.534466   2.708146 0.200093   1
   561     37 GLY    CA        4.02800    2.78100    4.54100  15.248751   2.191404 0.143710   1
   564     37 GLY    C         3.96100    2.86900    4.65200  15.025974   2.094453 0.139389   1
   565     37 GLY    O         3.94700    2.82600    4.76700  17.216783   1.706147 0.099098   1
   566     38 ARG    N         3.90700    2.98700    4.62200  11.194805   2.774613 0.247848   1
   568     38 ARG    CA        3.86300    3.08900    4.71600  10.004995   2.392304 0.239111   1
   570     38 ARG    CB        3.92300    3.22600    4.68000  10.590410   2.418791 0.228394   1
   573     38 ARG    CG        3.93600    3.31700    4.80900  11.882118   2.158421 0.181653   1
   576     38 ARG    CD        4.05200    3.41300    4.79700  13.761239   3.279360 0.238304   1
   579     38 ARG    NE        4.02700    3.52900    4.70300  11.777223   4.277861 0.363232   1
   581     38 ARG    CZ        4.12100    3.61500    4.68300  10.789211   4.475262 0.414791   1
   582     38 ARG    NH1       4.08800    3.70300    4.59400   8.170829   4.934533 0.603921   1
   585     38 ARG    NH2       4.23200    3.61800    4.74800  12.804196   4.663168 0.364191   1
   588     38 ARG    C         3.71000    3.09900    4.71200   6.749251   3.210395 0.475667   1
   589     38 ARG    O         3.65400    3.06000    4.61200   4.149850   3.588206 0.864659   1
   590     39 LYS    N         3.65200    3.14900    4.81700   8.534466   2.925037 0.342732   1
   592     39 LYS    CA        3.50800    3.17900    4.82800   8.259740   2.665667 0.322730   1
   594     39 LYS    CB        3.45600    3.15900    4.97500  12.216783   2.571214 0.210466   1
   597     39 LYS    CG        3.45900    3.01200    5.02500  15.601399   2.702649 0.173231   1
   600     39 LYS    CD        3.37000    2.92500    4.93500  16.892108   2.995002 0.177302   1
   603     39 LYS    CE        3.34600    2.79900    5.01900  19.000999   2.653173 0.139633   1
   606     39 LYS    NZ        3.23000    2.71100    4.98000  19.339660   2.466767 0.127550   1
   610     39 LYS    C         3.46300    3.31900    4.78000   7.322677   2.009995 0.274489   1
   611     39 LYS    O         3.54400    3.41100    4.76700   6.837163   1.531734 0.224031   1
   612     40 THR    N         3.33500    3.32900    4.75200   6.359640   2.961019 0.465595   1
   614     40 THR    CA        3.28800    3.45200    4.69100   6.371628   3.091454 0.485191   1
   616     40 THR    CB        3.13900    3.43700    4.64800   4.702298   3.438781 0.731298   1
   618     40 THR    CG2       3.14100    3.33200    4.52900   3.035964   4.743628 nan        0
   622     40 THR    OG1       3.06000    3.39200    4.75600   4.887113   3.110945 0.636561   1
   624     40 THR    C         3.29400    3.57300    4.78200   6.883117   2.162419 0.314163   1
   625     40 THR    O         3.24500    3.56400    4.89400   8.245754   2.112944 0.256246   1
   626     41 GLY    N         3.36300    3.68200    4.73700   7.036963   2.128936 0.302536   1
   628     41 GLY    CA        3.36900    3.81200    4.80000   7.124875   2.849075 0.399877   1
   631     41 GLY    C         3.48800    3.82000    4.90200   8.493506   3.288356 0.387161   1
   632     41 GLY    O         3.48900    3.90900    4.98500  10.085914   3.494753 0.346498   1
   633     42 GLN    N         3.58000    3.71500    4.89900   8.925075   3.382809 0.379023   1
   635     42 GLN    CA        3.68600    3.70700    5.00300  11.480519   3.404298 0.296528   1
   637     42 GLN    CB        3.70800    3.56500    5.06300  12.981019   3.411294 0.262791   1
   640     42 GLN    CG        3.59100    3.49900    5.13000  15.293706   1.834083 0.119924   1
   643     42 GLN    CD        3.54100    3.58500    5.24800  18.537463   1.725637 0.093089   1
   644     42 GLN    OE1       3.45300    3.67200    5.25000  17.167832   1.469265 0.085582   1
   645     42 GLN    NE2       3.61000    3.57200    5.35800  21.716284   1.942529 0.089450   1
   648     42 GLN    C         3.81500    3.77200    4.93900  11.345654   3.776612 0.332869   1
   649     42 GLN    O         3.91900    3.70300    4.94400  12.346653   3.911044 0.316770   1
   650     43 ALA    N         3.82200    3.89600    4.89100  10.189810   4.723138 0.463516   1
   652     43 ALA    CA        3.93800    3.96400    4.85500  10.165834   4.815592 0.473704   1
   654     43 ALA    CB        3.93700    4.00600    4.70400   7.578422   5.027486 0.663395   1
   658     43 ALA    C         3.95600    4.08800    4.95600  10.471528   4.519240 0.431574   1
   659     43 ALA    O         3.87200    4.17800    4.95700   8.317682   4.260870 0.512266   1
   660     44 PRO    N         4.05500    4.08400    5.04500  14.748252   3.786107 0.256716   1
   661     44 PRO    CD        4.14800    3.97800    5.06000  17.553447   3.923538 0.223520   1
   664     44 PRO    CG        4.22700    4.00700    5.19000  20.930070   4.329335 0.206848   1
   667     44 PRO    CB        4.21200    4.15300    5.21900  21.513487   4.223888 0.196337   1
   670     44 PRO    CA        4.07300    4.18500    5.15000  17.390609   4.238381 0.243717   1
   672     44 PRO    C         4.08000    4.33400    5.10300  14.979021   4.252874 0.283922   1
   673     44 PRO    O         4.15700    4.36500    5.00800  13.883117   3.516742 0.253311   1
   674     45 GLY    N         4.00200    4.42600    5.16100  16.642358   4.653173 0.279598   1
   676     45 GLY    CA        4.02400    4.56900    5.13800  17.612388   3.030485 0.172066   1
   679     45 GLY    C         3.92800    4.62200    5.03200  16.199800   2.576712 0.159058   1
   680     45 GLY    O         3.94000    4.73700    4.99300  17.642358   1.649675 0.093507   1
   681     46 PHE    N         3.84000    4.53900    4.96800  12.198801   3.120440 0.255799   1
   683     46 PHE    CA        3.73800    4.58500    4.87200   9.706294   2.012494 0.207339   1
   685     46 PHE    CB        3.73900    4.50100    4.75100   5.493506   2.378811 0.433022   1
   688     46 PHE    CG        3.65500    4.56000    4.63900   5.017982   1.921539 0.382931   1
   689     46 PHE    CD1       3.69300    4.67200    4.57000   6.102897   1.602699 0.262613   1
   691     46 PHE    CE1       3.59800    4.72000    4.47300   8.530470   1.684658 0.197487   1
   693     46 PHE    CZ        3.47500    4.66000    4.44800   9.189810   1.651674 0.179729   1
   695     46 PHE    CE2       3.44500    4.54500    4.52100   7.936064   1.649675 0.207871   1
   697     46 PHE    CD2       3.53100    4.49700    4.61300   5.824176   1.836082 0.315252   1
   699     46 PHE    C         3.60600    4.56400    4.94900  11.220779   2.109445 0.187995   1
   700     46 PHE    O         3.57400    4.46200    5.01300  11.633367   2.738131 0.235369   1
   701     47 THR    N         3.51200    4.66100    4.92400  12.333666   1.311344 0.106322   1
   703     47 THR    CA        3.37500    4.64400    4.97600  14.787213   1.412794 0.095542   1
   705     47 THR    CB        3.31300    4.78000    5.01100  19.461538   2.963518 0.152276   1
   707     47 THR    CG2       3.16100    4.78000    5.04300  21.482517   3.029985 0.141044   1
   711     47 THR    OG1       3.38600    4.83100    5.11300  21.499500   3.593203 0.167130   1
   713     47 THR    C         3.29900    4.57600    4.86400  11.367632   0.984008 0.086562   1
   714     47 THR    O         3.27100    4.64300    4.76600  12.039960   1.108946 0.092105   1
   715     48 TYR    N         3.25500    4.45200    4.88100   9.012987   1.092954 0.121264   1
   717     48 TYR    CA        3.15700    4.38800    4.78200   6.583417   0.894553 0.135880   1
   719     48 TYR    CB        3.18000    4.23700    4.78300   5.316683   1.099450 0.206793   1
   722     48 TYR    CG        3.31200    4.18800    4.73500   5.621379   1.843078 0.327869   1
   723     48 TYR    CD1       3.31800    4.13500    4.60400   7.884116   1.762119 0.223502   1
   725     48 TYR    CE1       3.43400    4.08200    4.55000   8.394605   2.427786 0.289208   1
   727     48 TYR    CZ        3.55100    4.07700    4.63700   7.932068   2.817091 0.355152   1
   728     48 TYR    OH        3.66100    4.01200    4.58500   7.364635   3.829585 0.519997   1
   730     48 TYR    CE2       3.54200    4.13900    4.76400   6.399600   2.804598 0.438246   1
   732     48 TYR    CD2       3.42300    4.20100    4.81400   5.090909   2.498251 0.490728   1
   734     48 TYR    C         3.00800    4.41900    4.81400   8.789211   0.482259 0.054869   1
   735     48 TYR    O         2.98200    4.46800    4.92000  11.552448   1.160920 0.100491   1
   736     49 THR    N         2.91000    4.38700    4.72500   8.348651   0.386807 0.046332   1
   738     49 THR    CA        2.76900    4.37800    4.76000  10.163836   0.324338 0.031911   1
   740     49 THR    CB        2.66800    4.39000    4.64200  11.119880   0.267366 0.024044   1
   742     49 THR    CG2       2.65000    4.53700    4.59900  13.939061   0.272364 0.019540   1
   746     49 THR    OG1       2.71000    4.31800    4.53600   7.749251   0.165417 0.021346   1
   748     49 THR    C         2.73900    4.24300    4.83100   7.990010   0.268366 0.033588   1
   749     49 THR    O         2.80300    4.13700    4.81500   4.871129   0.212894 0.043705   1
   750     50 ASP    N         2.63500    4.23600    4.91200  12.018981   0.192404 0.016008   1
   752     50 ASP    CA        2.61600    4.12100    5.00500  12.686314   0.239880 0.018909   1
   754     50 ASP    CB        2.50000    4.15200    5.10600  16.734266   0.310845 0.018575   1
   757     50 ASP    CG        2.53700    4.26800    5.19600  21.327672   0.815092 0.038218   1
   758     50 ASP    OD1       2.62600    4.25900    5.28400  21.277722   1.240380 0.058295   1
   759     50 ASP    OD2       2.48700    4.38000    5.16900  22.196803   1.005497 0.045299   1
   760     50 ASP    C         2.58800    3.99000    4.94200   9.293706   0.485757 0.052267   1
   761     50 ASP    O         2.64900    3.88700    4.97000   7.824176   1.013493 0.129534   1
   762     51 ALA    N         2.50900    3.99200    4.83400  10.116883   0.390805 0.038629   1
   764     51 ALA    CA        2.48100    3.87300    4.75300   8.946054   0.934033 0.104407   1
   766     51 ALA    CB        2.37500    3.92200    4.65800  10.660340   0.924538 0.086727   1
   770     51 ALA    C         2.60300    3.81700    4.68000   5.774226   1.789105 0.309843   1
   771     51 ALA    O         2.60600    3.69700    4.63900   4.979021   3.340830 0.670981   1
   772     52 ASN    N         2.70400    3.89900    4.66900   3.638362   1.042479 nan        0
   774     52 ASN    CA        2.83300    3.85700    4.60500   2.684316   1.363818 nan        0
   776     52 ASN    CB        2.88800    3.97600    4.52700   4.962038   0.512244 0.103233   1
   779     52 ASN    CG        2.99800    3.93800    4.42800   6.058941   0.627186 0.103514   1
   780     52 ASN    OD1       2.98700    3.95900    4.30600   6.462537   0.598201 0.092564   1
   781     52 ASN    ND2       3.11000    3.89200    4.47100   7.853147   0.928536 0.118237   1
   784     52 ASN    C         2.93400    3.81300    4.71700   2.601399   1.459770 nan        0
   785     52 ASN    O         3.03800    3.75400    4.68700   3.552448   1.946527 nan        0
   786     53 LYS    N         2.90400    3.83400    4.84900   2.533467   1.239880 nan        0
   788     53 LYS    CA        2.95800    3.76500    4.96800   6.076923   1.215892 0.200084   1
   790     53 LYS    CB        2.96500    3.85100    5.09200  10.712288   0.956522 0.089292   1
   793     53 LYS    CG        3.02800    3.98800    5.07300  12.009990   0.370815 0.030876   1
   796     53 LYS    CD        3.04700    4.05700    5.21300  16.767233   0.927036 0.055289   1
   799     53 LYS    CE        3.11400    4.18800    5.18700  17.670330   1.165917 0.065982   1
   802     53 LYS    NZ        3.13600    4.26900    5.30900  21.819181   1.956022 0.089647   1
   806     53 LYS    C         2.89500    3.62900    4.99300   7.221778   1.297851 0.179714   1
   807     53 LYS    O         2.96600    3.52900    5.00800   8.659341   1.367816 0.157958   1
   808     54 ASN    N         2.75800    3.62900    4.99700   9.299700   1.317841 0.141708   1
   810     54 ASN    CA        2.66200    3.51800    5.04500  13.886114   1.318341 0.094940   1
   812     54 ASN    CB        2.54700    3.59500    5.11200  16.318681   1.269365 0.077786   1
   815     54 ASN    CG        2.59600    3.69100    5.22900  17.355644   1.236882 0.071267   1
   816     54 ASN    OD1       2.70700    3.68000    5.27800  17.809191   1.236882 0.069452   1
   817     54 ASN    ND2       2.52200    3.79300    5.25800  19.059940   0.746627 0.039173   1
   820     54 ASN    C         2.62300    3.42000    4.93200  12.915085   1.862069 0.144178   1
   821     54 ASN    O         2.55300    3.32300    4.95200  16.606394   1.568716 0.094465   1
   822     55 LYS    N         2.68000    3.43100    4.80800   8.849151   2.521239 0.284913   1
   824     55 LYS    CA        2.68200    3.33200    4.69300   9.458541   4.009995 0.423955   1
   826     55 LYS    CB        2.75600    3.39200    4.56800   5.496503   5.546727 1.009137   1
   829     55 LYS    CG        2.75900    3.30100    4.44300   6.144855   7.051974 1.147622   1
   832     55 LYS    CD        2.62400    3.28100    4.38200  10.829171   7.451274 0.688074   1
   835     55 LYS    CE        2.61500    3.18700    4.25800  11.824176   8.141429 0.688541   1
   838     55 LYS    NZ        2.47900    3.17600    4.20500  15.898102   7.593703 0.477648   1
   842     55 LYS    C         2.75000    3.19700    4.72800  11.008991   4.045977 0.367516   1
   843     55 LYS    O         2.70500    3.09200    4.68700  13.692308   4.400300 0.321370   1
   844     56 GLY    N         2.86000    3.20800    4.80800  10.154845   3.269865 0.322000   1
   846     56 GLY    CA        2.92000    3.09700    4.87800  12.643357   2.697151 0.213326   1
   849     56 GLY    C         2.98100    2.99300    4.79400  12.978022   3.574713 0.275444   1
   850     56 GLY    O         3.03700    2.90000    4.85300  14.783217   2.889555 0.195462   1
   851     57 ILE    N         2.99400    2.99800    4.65900  11.559441   5.245377 0.453774   1
   853     57 ILE    CA        3.06300    2.89800    4.56800  10.066933   6.184908 0.614379   1
   855     57 ILE    CB        3.00500    2.90500    4.42200  10.720280   6.998501 0.652828   1
   857     57 ILE    CG2       2.86200    2.84500    4.40800  13.677323   6.421289 0.469484   1
   861     57 ILE    CG1       3.01000    3.04500    4.35400   6.228771   7.445277 1.195304   1
   864     57 ILE    CD        3.14300    3.08300    4.28400   3.120879   7.433783 nan        0
   868     57 ILE    C         3.21300    2.92000    4.56800   6.409590   5.689155 0.887600   1
   869     57 ILE    O         3.26800    3.01200    4.62600   4.715285   5.139430 1.089951   1
   870     58 THR    N         3.28800    2.82600    4.50800   7.945055   5.912044 0.744116   1
   872     58 THR    CA        3.43600    2.81800    4.50700   7.256743   5.319340 0.733020   1
   874     58 THR    CB        3.48600    2.68700    4.57600  11.557443   4.070965 0.352237   1
   876     58 THR    CG2       3.63900    2.67900    4.61600  12.514486   3.361319 0.268594   1
   880     58 THR    OG1       3.41100    2.65500    4.68900  14.420579   4.002999 0.277589   1
   882     58 THR    C         3.47800    2.82800    4.36200   5.375624   5.553223 1.033038   1
   883     58 THR    O         3.42700    2.76600    4.26500   6.424575   5.979510 0.930725   1
   884     59 TRP    N         3.57700    2.91000    4.34700   3.913087   4.925037 nan        0
   886     59 TRP    CA        3.63100    2.95400    4.21200   2.882118   4.829585 nan        0
   888     59 TRP    CB        3.68400    3.09900    4.20800   3.226773   3.855072 nan        0
   891     59 TRP    CG        3.59800    3.21700    4.21600   5.796204   3.344328 0.576986   1
   892     59 TRP    CD1       3.61100    3.31900    4.30500   7.155844   2.406297 0.336270   1
   894     59 TRP    NE1       3.50900    3.41300    4.29200   6.691309   1.853573 0.277012   1
   896     59 TRP    CE2       3.42200    3.36900    4.19500   6.485514   2.540730 0.391755   1
   897     59 TRP    CZ2       3.29600    3.42400    4.15700   5.633367   3.741129 0.664102   1
   899     59 TRP    CH2       3.22500    3.35300    4.06300   4.138861   6.505247 1.571748   1
   901     59 TRP    CZ3       3.27500    3.23700    4.01000   2.230769   7.003998 nan        0
   903     59 TRP    CE3       3.40300    3.18900    4.04700   3.097902   5.015992 nan        0
   905     59 TRP    CD2       3.47700    3.25000    4.14300   5.753247   3.653673 0.635063   1
   906     59 TRP    C         3.70800    2.84000    4.14500   5.063936   4.490755 0.886811   1
   907     59 TRP    O         3.81700    2.79500    4.19500   6.697303   3.385807 0.505548   1
   908     60 LYS    N         3.65600    2.78500    4.03800   5.323676   5.504248 1.033919   1
   910     60 LYS    CA        3.71300    2.67800    3.94900   7.415584   5.954023 0.802907   1
   912     60 LYS    CB        3.65500    2.54200    3.99300  11.296703   5.298351 0.469017   1
   915     60 LYS    CG        3.50300    2.53500    3.97900  12.328671   5.998501 0.486549   1
   918     60 LYS    CD        3.45300    2.40800    4.05500  16.696304   3.757621 0.225057   1
   921     60 LYS    CE        3.42300    2.45000    4.20000  16.543457   4.023488 0.243207   1
   924     60 LYS    NZ        3.35500    2.34400    4.25900  21.474525   3.265867 0.152081   1
   928     60 LYS    C         3.67600    2.71400    3.80000   5.417582   6.341829 1.170601   1
   929     60 LYS    O         3.60000    2.81000    3.78000   3.365634   7.291354 nan        0
   930     61 GLU    N         3.72300    2.63900    3.70200   7.787213   4.997001 0.641693   1
   932     61 GLU    CA        3.70300    2.66100    3.55800   7.981019   5.506747 0.689980   1
   934     61 GLU    CB        3.78200    2.56400    3.46900  12.216783   4.161419 0.340631   1
   937     61 GLU    CG        3.93400    2.59500    3.45500  13.768232   3.281359 0.238328   1
   940     61 GLU    CD        4.01900    2.46500    3.47000  19.457542   2.935532 0.150869   1
   941     61 GLU    OE1       4.05300    2.40300    3.37000  22.558442   2.428286 0.107644   1
   942     61 GLU    OE2       4.06600    2.44200    3.58000  18.257742   2.778111 0.152161   1
   943     61 GLU    C         3.55600    2.66000    3.52900   7.349650   6.516242 0.886606   1
   944     61 GLU    O         3.50900    2.76000    3.47600   5.425574   7.217891 1.330346   1
   945     62 GLU    N         3.48000    2.56000    3.57700  10.063936   6.719640 0.667695   1
   947     62 GLU    CA        3.34100    2.55000    3.56300  11.087912   7.014993 0.632670   1
   949     62 GLU    CB        3.27900    2.43100    3.62900  16.101898   5.193903 0.322565   1
   952     62 GLU    CG        3.30500    2.29500    3.56100  19.469530   3.402299 0.174750   1
   955     62 GLU    CD        3.24700    2.28500    3.42000  23.000999   2.591204 0.112656   1
   956     62 GLU    OE1       3.30600    2.22600    3.32700  22.836164   2.125437 0.093073   1
   957     62 GLU    OE2       3.12800    2.32600    3.39400  23.280719   2.117941 0.090974   1
   958     62 GLU    C         3.26600    2.67400    3.61800   7.675325   7.848076 1.022507   1
   959     62 GLU    O         3.18400    2.74200    3.55100   7.609391   7.285857 0.957482   1
   960     63 THR    N         3.28600    2.71900    3.74100   5.746254   7.467766 1.299589   1
   962     63 THR    CA        3.21400    2.82800    3.80000   4.114885   8.180910 1.988126   1
   964     63 THR    CB        3.22900    2.82900    3.94900   4.638362   7.773113 1.675832   1
   966     63 THR    CG2       3.17600    2.69800    4.01600   6.971029   7.096952 1.018064   1
   970     63 THR    OG1       3.36400    2.84500    3.98500   3.758242   7.420290 nan        0
   972     63 THR    C         3.25300    2.96500    3.73900   1.568432   8.276862 nan        0
   973     63 THR    O         3.15800    3.04200    3.71300   1.215784   9.092954 nan        0
   974     64 LEU    N         3.37800    2.99300    3.70300   1.254745   7.275362 nan        0
   976     64 LEU    CA        3.40700    3.10200    3.60800   0.936064   6.329335 nan        0
   978     64 LEU    CB        3.56000    3.13000    3.57800   1.106893   5.479760 nan        0
   981     64 LEU    CG        3.64500    3.17200    3.70100   1.323676   3.850075 nan        0
   983     64 LEU    CD1       3.79600    3.19000    3.66800   1.252747   2.207396 nan        0
   987     64 LEU    CD2       3.58600    3.29900    3.76400   1.871129   2.758621 nan        0
   991     64 LEU    C         3.33600    3.08200    3.47200   0.105894   6.491254 nan        0
   992     64 LEU    O         3.28900    3.18600    3.42300   0.011988   5.827586 nan        0
   993     65 MET    N         3.32400    2.96300    3.41200   2.117882   7.202399 nan        0
   995     65 MET    CA        3.26300    2.94100    3.27500   4.577423   6.676662 1.458607   1
   997     65 MET    CB        3.28500    2.80100    3.21600   7.917083   6.769115 0.855001   1
  1000     65 MET    CG        3.42000    2.76000    3.16100   8.005994   6.741129 0.842010   1
  1003     65 MET    SD        3.46800    2.84300    3.00400   6.415584   5.910045 0.921201   1
  1004     65 MET    CE        3.37400    2.72200    2.90100   9.403596   5.063468 0.538461   1
  1008     65 MET    C         3.12200    2.98500    3.27600   5.149850   6.212394 1.206325   1
  1009     65 MET    O         3.07500    3.05100    3.18000   4.986014   5.226887 1.048310   1
  1010     66 GLU    N         3.05000    2.96900    3.38900   6.242757   6.710645 1.074949   1
  1012     66 GLU    CA        2.91000    3.00700    3.40500   8.690310   6.985507 0.803827   1
  1014     66 GLU    CB        2.84800    2.91100    3.50600  13.619381   6.325337 0.464436   1
  1017     66 GLU    CG        2.69800    2.89800    3.48500  16.723277   4.280860 0.255982   1
  1020     66 GLU    CD        2.62600    2.78500    3.56400  21.977023   2.782609 0.126614   1
  1021     66 GLU    OE1       2.65200    2.66800    3.53600  23.006993   1.702649 0.074006   1
  1022     66 GLU    OE2       2.55400    2.82200    3.65700  21.166833   2.847076 0.134506   1
  1023     66 GLU    C         2.88900    3.15700    3.44000   6.401598   8.056972 1.258587   1
  1024     66 GLU    O         2.81600    3.23200    3.38100   5.965035   7.618691 1.277225   1
  1025     67 TYR    N         2.96800    3.21000    3.53500   2.019980   8.802599 nan        0
  1027     67 TYR    CA        2.97700    3.35000    3.57400   1.086913   7.898051 nan        0
  1029     67 TYR    CB        3.08000    3.35700    3.68700   0.661339   7.526737 nan        0
  1032     67 TYR    CG        3.13200    3.49200    3.73100   1.385614   4.812094 nan        0
  1033     67 TYR    CD1       3.26600    3.53100    3.71600   2.966034   3.077461 nan        0
  1035     67 TYR    CE1       3.31200    3.65800    3.76600   4.868132   1.306847 0.268449   1
  1037     67 TYR    CZ        3.22600    3.73700    3.84800   5.489510   1.705147 0.310619   1
  1038     67 TYR    OH        3.27500    3.85200    3.90500   6.761239   1.085457 0.160541   1
  1040     67 TYR    CE2       3.08800    3.69800    3.85400   4.735265   2.761119 0.583097   1
  1042     67 TYR    CD2       3.04200    3.58000    3.79600   2.131868   4.799600 nan        0
  1044     67 TYR    C         3.01700    3.43800    3.46000   0.979021   6.811594 nan        0
  1045     67 TYR    O         2.95800    3.53600    3.43200   1.007992   6.612694 nan        0
  1046     68 LEU    N         3.11700    3.39900    3.38200   0.487512   5.916542 nan        0
  1048     68 LEU    CA        3.16000    3.48300    3.26800   0.000999   4.740630 nan        0
  1050     68 LEU    CB        3.30300    3.44400    3.22700   0.000000   3.016992 nan        0
  1053     68 LEU    CG        3.42200    3.46200    3.32500   0.009990   2.529735 nan        0
  1055     68 LEU    CD1       3.54000    3.38400    3.27200   0.000000   2.603198 nan        0
  1059     68 LEU    CD2       3.45900    3.61200    3.35200   0.406593   1.271864 nan        0
  1063     68 LEU    C         3.06500    3.47800    3.14500   0.606394   4.688656 nan        0
  1064     68 LEU    O         3.08100    3.56700    3.05700   1.161838   2.917541 nan        0
  1065     69 GLU    N         2.97800    3.37800    3.13400   2.136863   5.454773 nan        0
  1067     69 GLU    CA        2.86400    3.38500    3.04700   5.703297   4.675162 0.819730   1
  1069     69 GLU    CB        2.79400    3.25300    3.05900  10.569431   4.431284 0.419255   1
  1072     69 GLU    CG        2.69400    3.24600    2.93700  14.146853   2.878061 0.203442   1
  1075     69 GLU    CD        2.63500    3.10200    2.92800  19.060939   2.312844 0.121339   1
  1076     69 GLU    OE1       2.51900    3.07800    2.96500  21.596404   1.635182 0.075715   1
  1077     69 GLU    OE2       2.70000    3.00700    2.87100  18.071928   1.836082 0.101599   1
  1078     69 GLU    C         2.77700    3.50700    3.08200   7.534466   4.776112 0.633902   1
  1079     69 GLU    O         2.75800    3.58600    2.98900   9.845155   2.834083 0.287866   1
  1080     70 ASN    N         2.73700    3.52200    3.20800   6.865135   5.264868 0.766899   1
  1082     70 ASN    CA        2.64000    3.62300    3.24500   7.971029   4.480760 0.562131   1
  1084     70 ASN    CB        2.49800    3.58000    3.20900  12.538462   3.847576 0.306862   1
  1087     70 ASN    CG        2.39100    3.68500    3.22400  15.162837   3.178911 0.209651   1
  1088     70 ASN    OD1       2.39500    3.76600    3.31500  13.109890   3.431784 0.261771   1
  1089     70 ASN    ND2       2.28600    3.69000    3.13800  18.998002   2.126437 0.111929   1
  1092     70 ASN    C         2.66300    3.65500    3.39800   4.611389   5.711644 1.238595   1
  1093     70 ASN    O         2.60600    3.58400    3.47900   4.719281   6.325337 1.340318   1
  1094     71 PRO    N         2.73900    3.76100    3.43600   2.509491   5.248876 nan        0
  1095     71 PRO    CD        2.85300    3.81600    3.35600   2.148851   3.892054 nan        0
  1098     71 PRO    CG        2.95200    3.86400    3.45600   1.000999   3.918041 nan        0
  1101     71 PRO    CB        2.87200    3.90000    3.58300   1.929071   4.504248 nan        0
  1104     71 PRO    CA        2.76600    3.78600    3.57900   1.639361   5.691154 nan        0
  1106     71 PRO    C         2.63800    3.82100    3.66000   1.666334   6.089455 nan        0
  1107     71 PRO    O         2.61500    3.76900    3.77000   1.775225   7.019490 nan        0
  1108     72 LYS    N         2.54000    3.89100    3.59700   5.007992   5.084958 1.015369   1
  1110     72 LYS    CA        2.41600    3.93200    3.65800   8.338661   3.843578 0.460935   1
  1112     72 LYS    CB        2.34500    4.04500    3.58000  12.996004   1.872064 0.144049   1
  1115     72 LYS    CG        2.37400    4.18900    3.62200  15.108891   2.169915 0.143618   1
  1118     72 LYS    CD        2.51700    4.22900    3.63100  11.011988   2.270865 0.206217   1
  1121     72 LYS    CE        2.54500    4.32900    3.52100  11.489510   2.377811 0.206955   1
  1124     72 LYS    NZ        2.52100    4.27100    3.38100  11.063936   2.311344 0.208908   1
  1128     72 LYS    C         2.31800    3.81800    3.68200   8.000999   5.382309 0.672705   1
  1129     72 LYS    O         2.25700    3.80300    3.78700   7.790210   4.751624 0.609948   1
  1130     73 LYS    N         2.30000    3.72700    3.58400   9.192807   5.496752 0.597940   1
  1132     73 LYS    CA        2.22900    3.60500    3.61400  12.190809   6.038481 0.495331   1
  1134     73 LYS    CB        2.21200    3.52200    3.48700  15.786214   4.981509 0.315561   1
  1137     73 LYS    CG        2.11000    3.40800    3.47800  20.201798   3.868566 0.191496   1
  1140     73 LYS    CD        1.96800    3.45900    3.51100  21.924076   2.288356 0.104376   1
  1143     73 LYS    CE        1.87100    3.34200    3.48500  24.239760   1.394803 0.057542   1
  1146     73 LYS    NZ        1.74500    3.37000    3.56100  25.812188   1.314343 0.050919   1
  1150     73 LYS    C         2.29300    3.51900    3.72300  11.116883   7.864568 0.707444   1
  1151     73 LYS    O         2.21700    3.45900    3.79600  13.455544   6.413293 0.476628   1
  1152     74 TYR    N         2.42700    3.51300    3.73500   7.202797   8.681659 1.205318   1
  1154     74 TYR    CA        2.49500    3.41700    3.81900   6.791209   9.342829 1.375724   1
  1156     74 TYR    CB        2.63700    3.39500    3.77200   4.810190   9.525237 1.980221   1
  1159     74 TYR    CG        2.70900    3.27700    3.84100   5.494505  10.150425 1.847377   1
  1160     74 TYR    CD1       2.66800    3.15100    3.80000   8.362637   9.604698 1.148525   1
  1162     74 TYR    CE1       2.74100    3.04300    3.85100   8.803197   9.459770 1.074584   1
  1164     74 TYR    CZ        2.83500    3.06300    3.95800   6.048951  10.331334 1.707955   1
  1165     74 TYR    OH        2.89400    2.94600    4.01200   7.886114   9.408796 1.193084   1
  1167     74 TYR    CE2       2.87600    3.19300    3.99600   2.778222  10.191404 nan        0
  1169     74 TYR    CD2       2.81200    3.30100    3.93600   3.133866  11.139430 nan        0
  1171     74 TYR    C         2.49500    3.47500    3.96500   5.989011   8.719140 1.455856   1
  1172     74 TYR    O         2.45700    3.40900    4.06200   7.874126   8.095452 1.028108   1
  1173     75 ILE    N         2.52800    3.60000    3.98300   3.102897   8.171414 nan        0
  1175     75 ILE    CA        2.51600    3.67500    4.10700   3.036963   6.512744 nan        0
  1177     75 ILE    CB        2.66600    3.71100    4.15500   2.416583   5.893053 nan        0
  1179     75 ILE    CG2       2.65200    3.76200    4.30300   3.287712   4.434283 nan        0
  1183     75 ILE    CG1       2.76500    3.59200    4.14400   2.193806   7.146927 nan        0
  1186     75 ILE    CD        2.90400    3.59500    4.21000   3.176823   6.187906 nan        0
  1190     75 ILE    C         2.42300    3.79100    4.09300   4.877123   4.837581 0.991892   1
  1191     75 ILE    O         2.46900    3.90200    4.06300   3.465534   3.763118 nan        0
  1192     76 PRO    N         2.29100    3.77100    4.10300  10.126873   4.290855 0.423710   1
  1193     76 PRO    CD        2.23300    3.63600    4.11700  12.605395   4.796102 0.380480   1
  1196     76 PRO    CG        2.08600    3.65200    4.11000  17.093906   3.672164 0.214823   1
  1199     76 PRO    CB        2.05700    3.80300    4.13200  17.769231   2.322339 0.130694   1
  1202     76 PRO    CA        2.19000    3.87600    4.10400  13.230769   2.463268 0.186177   1
  1204     76 PRO    C         2.22500    3.98000    4.21500  13.250749   1.299850 0.098096   1
  1205     76 PRO    O         2.22900    3.94900    4.33400  14.484515   1.228386 0.084807   1
  1206     77 GLY    N         2.26000    4.10500    4.17700  13.342657   1.016992 0.076221   1
  1208     77 GLY    CA        2.30000    4.20800    4.27300  14.163836   0.261369 0.018453   1
  1211     77 GLY    C         2.45400    4.22300    4.29400  11.274725   0.156922 0.013918   1
  1212     77 GLY    O         2.50600    4.28800    4.38300  12.103896   0.014993 0.001239   1
  1213     78 THR    N         2.52900    4.15900    4.20400   7.818182   0.607196 0.077665   1
  1215     78 THR    CA        2.67100    4.21000    4.17500   6.235764   0.451274 0.072369   1
  1217     78 THR    CB        2.75200    4.12100    4.08700   4.774226   1.119940 0.234580   1
  1219     78 THR    CG2       2.70300    4.09000    3.94600   3.650350   1.843578 nan        0
  1223     78 THR    OG1       2.87900    4.18000    4.07000   6.218781   1.108446 0.178242   1
  1225     78 THR    C         2.67500    4.35600    4.12600   8.137862   1.001000 0.123005   1
  1226     78 THR    O         2.59600    4.39200    4.04200   8.558442   1.195902 0.139734   1
  1227     79 LYS    N         2.77300    4.43700    4.17300  10.156843   1.029985 0.101408   1
  1229     79 LYS    CA        2.79800    4.57300    4.13600  12.458541   1.291854 0.103692   1
  1231     79 LYS    CB        2.84000    4.65700    4.25800  15.365634   0.469265 0.030540   1
  1234     79 LYS    CG        2.97400    4.62900    4.32900  13.380619   0.495752 0.037050   1
  1237     79 LYS    CD        3.01100    4.75600    4.40600  16.172827   0.712644 0.044064   1
  1240     79 LYS    CE        3.13400    4.72300    4.49200  14.649351   0.832084 0.056800   1
  1243     79 LYS    NZ        3.17400    4.84100    4.56700  16.947053   1.092454 0.064463   1
  1247     79 LYS    C         2.89200    4.57600    4.01200  12.691309   2.351324 0.185270   1
  1248     79 LYS    O         2.93800    4.68600    3.97600  13.601399   2.652674 0.195029   1
  1249     80 MET    N         2.91000    4.46300    3.94700  11.187812   2.111444 0.188727   1
  1251     80 MET    CA        2.99700    4.45100    3.83300  10.567433   2.333333 0.220804   1
  1253     80 MET    CB        3.05300    4.31300    3.82500  10.052947   1.301349 0.129450   1
  1256     80 MET    CG        3.12900    4.27700    3.69600  10.365634   1.287856 0.124243   1
  1259     80 MET    SD        3.21700    4.11900    3.68400   9.129870   1.250375 0.136954   1
  1260     80 MET    CE        3.35200    4.15800    3.57300   6.908092   1.107946 0.160384   1
  1264     80 MET    C         2.91300    4.48300    3.71100   9.185814   2.782609 0.302925   1
  1265     80 MET    O         2.82700    4.39800    3.68100   6.181818   2.448276 0.396045   1
  1266     81 ILE    N         2.94100    4.59300    3.64200  11.196803   3.526237 0.314932   1
  1268     81 ILE    CA        2.86000    4.63800    3.52500  13.784216   3.855072 0.279673   1
  1270     81 ILE    CB        2.83800    4.79800    3.52900  19.206793   4.179910 0.217627   1
  1272     81 ILE    CG2       2.71600    4.82900    3.43500  20.564436   4.239380 0.206151   1
  1276     81 ILE    CG1       2.82100    4.85100    3.67300  18.993007   4.074463 0.214524   1
  1279     81 ILE    CD        2.70200    4.78200    3.76000  16.135864   3.592204 0.222622   1
  1283     81 ILE    C         2.91900    4.58000    3.39300  13.793207   3.504248 0.254056   1
  1284     81 ILE    O         2.98800    4.64600    3.31600  17.093906   3.502749 0.204912   1
  1285     82 PHE    N         2.89200    4.45000    3.36900  11.310689   2.800600 0.247606   1
  1287     82 PHE    CA        2.95900    4.37800    3.25900  11.188811   1.914043 0.171068   1
  1289     82 PHE    CB        3.08600    4.30400    3.31600   9.647353   1.525237 0.158099   1
  1292     82 PHE    CG        3.16200    4.24800    3.19600   8.473526   2.179410 0.257202   1
  1293     82 PHE    CD1       3.17100    4.11200    3.19500   4.414585   1.738631 0.393838   1
  1295     82 PHE    CE1       3.21000    4.05400    3.06900   4.535465   1.937531 0.427196   1
  1297     82 PHE    CZ        3.27000    4.13600    2.96900   7.539461   2.462269 0.326584   1
  1299     82 PHE    CE2       3.27500    4.27400    2.98100  11.550450   2.372314 0.205387   1
  1301     82 PHE    CD2       3.21800    4.33400    3.09800  11.824176   1.466767 0.124048   1
  1303     82 PHE    C         2.87000    4.27600    3.19500   9.024975   1.636682 0.181350   1
  1304     82 PHE    O         2.80100    4.20800    3.27100   7.411588   2.020990 0.272680   1
  1305     83 ALA    N         2.86800    4.26800    3.06300  12.721279   1.071464 0.084226   1
  1307     83 ALA    CA        2.76800    4.19600    2.98900  15.246753   0.669165 0.043889   1
  1309     83 ALA    CB        2.77300    4.22500    2.83800  20.063936   0.657171 0.032754   1
  1313     83 ALA    C         2.77700    4.04100    3.01000  12.097902   1.014493 0.083857   1
  1314     83 ALA    O         2.67700    3.97800    3.04400  10.347652   1.395802 0.134891   1
  1315     84 GLY    N         2.90700    3.99400    3.00100   9.523477   1.109445 0.116496   1
  1317     84 GLY    CA        2.94000    3.85900    2.97700   7.115884   1.261869 0.177331   1
  1320     84 GLY    C         3.03100    3.84400    2.85700   8.078921   1.148926 0.142213   1
  1321     84 GLY    O         3.06500    3.94200    2.79300  10.671329   1.849075 0.173275   1
  1322     85 ILE    N         3.06100    3.72000    2.82200   6.911089   1.279360 0.185117   1
  1324     85 ILE    CA        3.12900    3.66700    2.70100   6.735265   1.655172 0.245747   1
  1326     85 ILE    CB        3.27200    3.62300    2.73300   4.004995   1.863568 0.465311   1
  1328     85 ILE    CG2       3.34700    3.55000    2.62100   4.343656   1.791104 0.412349   1
  1332     85 ILE    CG1       3.34700    3.75400    2.77700   3.553447   2.115442 nan        0
  1335     85 ILE    CD        3.50400    3.74800    2.80100   1.282717   2.205897 nan        0
  1339     85 ILE    C         3.04300    3.55500    2.64800   7.084915   1.045477 0.147564   1
  1340     85 ILE    O         3.01700    3.45500    2.71200   5.950050   1.415792 0.237946   1
  1341     86 LYS    N         2.98700    3.57600    2.52700  10.771229   0.731134 0.067878   1
  1343     86 LYS    CA        2.90300    3.46700    2.47100  12.761239   0.710145 0.055649   1
  1345     86 LYS    CB        2.80200    3.52500    2.36600  17.098901   0.417291 0.024405   1
  1348     86 LYS    CG        2.87500    3.56500    2.24000  18.972028   0.536732 0.028291   1
  1351     86 LYS    CD        2.78600    3.64300    2.14100  22.005994   0.169915 0.007721   1
  1354     86 LYS    CE        2.77500    3.79700    2.14600  24.075924   0.724638 0.030098   1
  1357     86 LYS    NZ        2.89400    3.86400    2.07800  24.305694   2.001499 0.082347   1
  1361     86 LYS    C         2.97200    3.33400    2.42800  11.899101   0.639680 0.053759   1
  1362     86 LYS    O         2.92500    3.22400    2.46400  12.258741   0.612194 0.049939   1
  1363     87 LYS    N         3.07300    3.35000    2.35100   9.967033   0.576212 0.057812   1
  1365     87 LYS    CA        3.15300    3.23400    2.30000   9.242757   0.485757 0.052555   1
  1367     87 LYS    CB        3.26800    3.28400    2.21400  11.960040   0.558721 0.046716   1
  1370     87 LYS    CG        3.23400    3.36800    2.09000  17.027972   0.768116 0.045109   1
  1373     87 LYS    CD        3.16500    3.27600    1.99000  19.281718   0.376312 0.019517   1
  1376     87 LYS    CE        3.14000    3.34900    1.85600  22.957043   0.355822 0.015499   1
  1379     87 LYS    NZ        3.04100    3.45800    1.86700  23.248751   0.358821 0.015434   1
  1383     87 LYS    C         3.21800    3.15300    2.41400   6.363636   0.543728 0.085443   1
  1384     87 LYS    O         3.29000    3.20500    2.49200   3.510490   0.792604 nan        0
  1385     88 LYS    N         3.20100    3.02400    2.40300   9.086913   0.536232 0.059011   1
  1387     88 LYS    CA        3.26000    2.92400    2.49100   7.876124   0.842579 0.106979   1
  1389     88 LYS    CB        3.21500    2.78800    2.44400  13.048951   0.820590 0.062885   1
  1392     88 LYS    CG        3.24700    2.68600    2.55700  15.389610   1.125937 0.073162   1
  1395     88 LYS    CD        3.20000    2.54600    2.51100  19.793207   0.715642 0.036156   1
  1398     88 LYS    CE        3.27000    2.44000    2.60600  20.473526   0.683658 0.033392   1
  1401     88 LYS    NZ        3.25100    2.29800    2.56600  24.041958   0.496752 0.020662   1
  1405     88 LYS    C         3.41600    2.93500    2.49500   5.961039   1.427286 0.239436   1
  1406     88 LYS    O         3.47400    2.92400    2.59800   3.365634   1.861569 nan        0
  1407     89 THR    N         3.47300    2.94700    2.37400   9.386613   1.155922 0.123146   1
  1409     89 THR    CA        3.62000    2.95200    2.34700  11.632368   1.508746 0.129702   1
  1411     89 THR    CB        3.64600    2.94600    2.19000  16.958042   0.818591 0.048272   1
  1413     89 THR    CG2       3.61100    2.79900    2.13700  19.310689   0.581209 0.030098   1
  1417     89 THR    OG1       3.57100    3.03500    2.12200  17.302697   0.371314 0.021460   1
  1419     89 THR    C         3.70100    3.07000    2.39700   7.448551   1.687156 0.226508   1
  1420     89 THR    O         3.81500    3.06100    2.44700   7.019980   2.826087 0.402578   1
  1421     90 GLU    N         3.62700    3.18000    2.39800   6.106893   1.090955 0.178643   1
  1423     90 GLU    CA        3.67500    3.30400    2.45600   4.689311   1.171414 0.249805   1
  1425     90 GLU    CB        3.59300    3.43500    2.42200   7.435564   1.897051 0.255132   1
  1428     90 GLU    CG        3.62900    3.49900    2.28500  11.169830   2.490255 0.222945   1
  1431     90 GLU    CD        3.54700    3.62600    2.25800  15.100899   4.345827 0.287786   1
  1432     90 GLU    OE1       3.57800    3.73600    2.30800  13.477522   5.119440 0.379850   1
  1433     90 GLU    OE2       3.45200    3.61600    2.18300  16.075924   3.868066 0.240612   1
  1434     90 GLU    C         3.67400    3.29700    2.61000   1.280719   1.105447 nan        0
  1435     90 GLU    O         3.76600    3.34700    2.67700   1.033966   1.894553 nan        0
  1436     91 ARG    N         3.57500    3.23000    2.67200   0.201798   1.191404 nan        0
  1438     91 ARG    CA        3.58100    3.20600    2.81300   0.039960   1.891554 nan        0
  1440     91 ARG    CB        3.44100    3.16500    2.87700   0.035964   2.644678 nan        0
  1443     91 ARG    CG        3.34400    3.28100    2.87200   0.000000   2.351824 nan        0
  1446     91 ARG    CD        3.20300    3.25000    2.93100   0.945055   3.080460 nan        0
  1449     91 ARG    NE        3.11700    3.19100    2.82800   3.250749   2.526237 nan        0
  1451     91 ARG    CZ        3.06000    3.07500    2.81900   6.563437   2.555722 0.389388   1
  1452     91 ARG    NH1       3.07200    2.98300    2.90900   7.249750   3.320840 0.458063   1
  1455     91 ARG    NH2       2.98600    3.04700    2.71400   9.924076   1.715642 0.172877   1
  1458     91 ARG    C         3.69600    3.11600    2.85800   1.270729   2.383308 nan        0
  1459     91 ARG    O         3.76500    3.14600    2.95700   1.600400   2.826587 nan        0
  1460     92 GLU    N         3.70900    2.99900    2.78900   3.213786   2.884558 nan        0
  1462     92 GLU    CA        3.81700    2.90500    2.80400   6.549451   4.143428 0.632638   1
  1464     92 GLU    CB        3.82300    2.79500    2.69900  10.511489   3.482759 0.331329   1
  1467     92 GLU    CG        3.70300    2.69800    2.69600  12.074925   2.521239 0.208800   1
  1470     92 GLU    CD        3.68200    2.60900    2.56600  15.493506   1.733633 0.111894   1
  1471     92 GLU    OE1       3.57800    2.54300    2.56300  17.820180   1.566217 0.087890   1
  1472     92 GLU    OE2       3.76100    2.61600    2.46700  15.642358   1.615692 0.103290   1
  1473     92 GLU    C         3.95000    2.98400    2.80900   5.444555   3.692654 0.678229   1
  1474     92 GLU    O         4.02700    2.98000    2.90500   6.636364   3.823588 0.576157   1
  1475     93 ASP    N         3.98400    3.04600    2.69700   5.006993   4.299350 0.858669   1
  1477     93 ASP    CA        4.11500    3.10100    2.67800   4.369630   5.552724 1.270754   1
  1479     93 ASP    CB        4.11200    3.17200    2.53800   4.434565   5.720140 1.289899   1
  1482     93 ASP    CG        4.11100    3.08000    2.42000   8.781219   5.386307 0.613389   1
  1483     93 ASP    OD1       4.12900    2.95900    2.42900  10.996004   5.194903 0.472435   1
  1484     93 ASP    OD2       4.09600    3.13900    2.30500  10.553447   4.061469 0.384848   1
  1485     93 ASP    C         4.14900    3.20600    2.78900   1.076923   5.317341 nan        0
  1486     93 ASP    O         4.25600    3.21700    2.84400   0.756244   4.712144 nan        0
  1487     94 LEU    N         4.04600    3.28900    2.82400   0.145854   4.209895 nan        0
  1489     94 LEU    CA        4.04900    3.38800    2.93500   0.000000   1.880560 nan        0
  1491     94 LEU    CB        3.92300    3.47400    2.93600   0.000000   1.246877 nan        0
  1494     94 LEU    CG        3.90200    3.57600    3.05000   0.000000   0.057971 nan        0
  1496     94 LEU    CD1       4.01300    3.68200    3.04900   0.000000   0.226387 nan        0
  1500     94 LEU    CD2       3.77000    3.64600    3.02500   0.014985   0.656672 nan        0
  1504     94 LEU    C         4.08000    3.31800    3.06900   0.218781   1.640680 nan        0
  1505     94 LEU    O         4.16600    3.36400    3.14500   0.000000   1.272364 nan        0
  1506     95 ILE    N         4.01200    3.20800    3.10700   1.304695   2.206397 nan        0
  1508     95 ILE    CA        4.03000    3.13400    3.22500   2.253746   2.529735 nan        0
  1510     95 ILE    CB        3.91800    3.03300    3.24100   2.907093   3.966517 nan        0
  1512     95 ILE    CG2       3.92700    2.91200    3.34200   3.902098   3.746127 nan        0
  1516     95 ILE    CG1       3.78700    3.10400    3.27400   1.522478   3.816592 nan        0
  1519     95 ILE    CD        3.66200    3.01900    3.24500   2.029970   5.852574 nan        0
  1523     95 ILE    C         4.16600    3.07000    3.23400   3.995005   2.423788 nan        0
  1524     95 ILE    O         4.21800    3.07600    3.34500   3.676324   1.449275 nan        0
  1525     96 ALA    N         4.22500    3.02900    3.11800   5.090909   2.727636 0.535786   1
  1527     96 ALA    CA        4.36900    2.99800    3.10400   6.513487   2.741629 0.420916   1
  1529     96 ALA    CB        4.39100    2.93700    2.96600   8.569431   3.977011 0.464093   1
  1533     96 ALA    C         4.47400    3.11000    3.13700   5.302697   2.657671 0.501192   1
  1534     96 ALA    O         4.57000    3.09200    3.21600   5.492507   2.407796 0.438378   1
  1535     97 TYR    N         4.44600    3.23100    3.08600   1.769231   2.964018 nan        0
  1537     97 TYR    CA        4.52200    3.34900    3.13600   1.044955   1.899050 nan        0
  1539     97 TYR    CB        4.49100    3.48000    3.06600   0.199800   1.529735 nan        0
  1542     97 TYR    CG        4.56900    3.59800    3.10200   1.275724   0.067466 nan        0
  1543     97 TYR    CD1       4.70900    3.60100    3.08700   3.838162   0.020990 nan        0
  1545     97 TYR    CE1       4.79300    3.70000    3.13900   6.533467   0.037481 0.005737   1
  1547     97 TYR    CZ        4.72700    3.81000    3.19600   7.098901   0.127936 0.018022   1
  1548     97 TYR    OH        4.79600    3.91300    3.24300  10.895105   0.208896 0.019173   1
  1550     97 TYR    CE2       4.59000    3.81700    3.20300   3.220779   0.065967 nan        0
  1552     97 TYR    CD2       4.50500    3.70800    3.16000   1.355644   0.004998 nan        0
  1554     97 TYR    C         4.49800    3.36800    3.28900   0.863137   0.146427 nan        0
  1555     97 TYR    O         4.59400    3.38600    3.36200   1.267732   0.015492 nan        0
  1556     98 LEU    N         4.37500    3.35800    3.33900   0.194805   0.085457 nan        0
  1558     98 LEU    CA        4.33800    3.40200    3.47300   0.001998   0.007996 nan        0
  1560     98 LEU    CB        4.18700    3.40800    3.49400   0.002997   0.001000 nan        0
  1563     98 LEU    CG        4.11600    3.53600    3.45100   0.000000   0.000000 nan        0
  1565     98 LEU    CD1       3.96700    3.50400    3.44500   0.003996   0.000000 nan        0
  1569     98 LEU    CD2       4.14000    3.64200    3.55800   0.002997   0.000000 nan        0
  1573     98 LEU    C         4.40000    3.30900    3.57400   0.984016   0.164918 nan        0
  1574     98 LEU    O         4.46700    3.35200    3.66700   1.447552   0.156422 nan        0
  1575     99 LYS    N         4.39400    3.17800    3.54500   2.515485   0.647676 nan        0
  1577     99 LYS    CA        4.45400    3.05700    3.62100   6.105894   1.169915 0.191604   1
  1579     99 LYS    CB        4.40900    2.92000    3.56100   8.186813   1.759120 0.214872   1
  1582     99 LYS    CG        4.43100    2.79900    3.64700  12.957043   2.898551 0.223705   1
  1585     99 LYS    CD        4.38600    2.66000    3.58500  16.810190   2.775612 0.165115   1
  1588     99 LYS    CE        4.39800    2.54700    3.68200  20.992008   2.986507 0.142269   1
  1591     99 LYS    NZ        4.36000    2.42000    3.61100  22.289710   2.577711 0.115646   1
  1595     99 LYS    C         4.60700    3.06300    3.63800   8.430569   1.153423 0.136814   1
  1596     99 LYS    O         4.66200    3.01500    3.73500  10.344655   1.852574 0.179085   1
  1597    100 LYS    N         4.67200    3.11000    3.53300   6.976024   0.951524 0.136399   1
  1599    100 LYS    CA        4.82000    3.12300    3.51900   8.977023   0.932534 0.103880   1
  1601    100 LYS    CB        4.85500    3.14200    3.37400  10.779221   0.763118 0.070795   1
  1604    100 LYS    CG        5.00500    3.16500    3.34000  15.548452   0.523738 0.033684   1
  1607    100 LYS    CD        5.05600    3.30500    3.36400  15.280719   0.416292 0.027243   1
  1610    100 LYS    CE        5.19000    3.32000    3.29100  19.440559   0.927036 0.047686   1
  1613    100 LYS    NZ        5.23300    3.46200    3.30400  20.005994   1.173413 0.058653   1
  1617    100 LYS    C         4.85400    3.24400    3.60500   7.912088   0.783108 0.098976   1
  1618    100 LYS    O         4.93600    3.22700    3.69500   9.214785   0.894553 0.097078   1
  1619    101 ALA    N         4.79100    3.36200    3.58900   5.145854   0.286357 0.055648   1
  1621    101 ALA    CA        4.84600    3.49200    3.64500   7.036963   0.250375 0.035580   1
  1623    101 ALA    CB        4.79900    3.59300    3.54300   7.313686   0.083958 0.011480   1
  1627    101 ALA    C         4.79700    3.52400    3.78300   6.421578   0.226887 0.035332   1
  1628    101 ALA    O         4.87500    3.58500    3.85500   7.864136   0.479760 0.061006   1
  1629    102 THR    N         4.66800    3.49500    3.81800   4.613387   0.003498 0.000758   1
  1631    102 THR    CA        4.61100    3.50500    3.95500   3.803197   0.917541 nan        0
  1633    102 THR    CB        4.45400    3.49600    3.95800   2.929071   0.955522 nan        0
  1635    102 THR    CG2       4.37700    3.58800    3.85900   1.339660   0.902049 nan        0
  1639    102 THR    OG1       4.40400    3.37100    3.91600   2.573427   1.166417 nan        0
  1641    102 THR    C         4.67300    3.39600    4.04900   5.855145   1.258871 0.215002   1
  1642    102 THR    O         4.62600    3.37000    4.16200   6.766234   1.490255 0.220249   1
  1643    103 ASN    N         4.77700    3.32700    4.00000   7.972028   0.482759 0.060557   1
  1645    103 ASN    CA        4.85500    3.21900    4.07000  12.558442   0.938031 0.074693   1
  1647    103 ASN    CB        4.82300    3.09400    3.99100  14.590410   1.795102 0.123033   1
  1650    103 ASN    CG        4.87600    2.96700    4.05800  19.811189   2.312844 0.116744   1
  1651    103 ASN    OD1       4.83500    2.93000    4.16300  21.923077   2.454773 0.111972   1
  1652    103 ASN    ND2       4.96100    2.89500    3.99400  20.660340   2.045977 0.099029   1
  1655    103 ASN    C         5.00600    3.24800    4.08700  14.179820   1.686157 0.118912   1
  1656    103 ASN    O         5.08300    3.16700    4.13300  16.640360   1.834083 0.110219   1
  1657    104 GLU    N         5.04400    3.36300    4.03500  13.302697   1.859570 0.139789   1
  1659    104 GLU    CA        5.19200    3.39800    4.00100  17.364635   3.037981 0.174952   1
  1661    104 GLU    CB        5.26900    3.44100    4.12800  20.205794   4.698151 0.232515   1
  1664    104 GLU    CG        5.21300    3.55400    4.22400  17.299700   5.391304 0.311641   1
  1667    104 GLU    CD        5.32100    3.60200    4.31700  20.196803   8.160920 0.404070   1
  1668    104 GLU    OE1       5.35300    3.52700    4.40700  20.403596   7.699650 0.377367   1
  1669    104 GLU    OE2       5.38900    3.70700    4.29800  21.762238   8.357321 0.384029   1
  1670    104 GLU    C         5.26300    3.29900    3.90800  20.597403   2.815092 0.136672   1
  1671    104 GLU    OC1       5.28200    3.34000    3.79000  20.620380   2.748626 0.133297   1
  1672    104 GLU    OC2       5.30900    3.19000    3.94600  19.889111   2.877561 0.144680   1
