# atom_index_1based resid resname atomname x_nm y_nm z_nm n0 nS eta surface
     1      1 GLY    N         4.23100    2.63800    2.57400  20.336663  14.419290 0.709029   1
     5      1 GLY    CA        4.23800    2.77100    2.64100  16.029970  12.045477 0.751435   1
     8      1 GLY    C         4.37600    2.82600    2.61400  15.219780  12.081959 0.793833   1
     9      1 GLY    O         4.46400    2.78300    2.69100  14.989011  11.574213 0.772180   1
    10      2 ASP    N         4.39800    2.91500    2.51700  14.557443  11.982509 0.823119   1
    12      2 ASP    CA        4.52300    2.98600    2.49900  12.620380  11.074963 0.877546   1
    14      2 ASP    CB        4.53300    3.02500    2.35300  13.249750  13.111444 0.989562   1
    17      2 ASP    CG        4.67400    3.08500    2.32400  15.240759  13.361319 0.876683   1
    18      2 ASP    OD1       4.76500    3.00100    2.29600  19.252747  14.950525 0.776540   1
    19      2 ASP    OD2       4.69500    3.20600    2.32900  11.700300  11.166917 0.954413   1
    20      2 ASP    C         4.55900    3.10100    2.59700   7.697303   7.148426 0.928692   1
    21      2 ASP    O         4.47900    3.19100    2.62200   3.512488   3.633683 nan        0
    22      3 VAL    N         4.68200    3.10200    2.64500   8.408591   7.018491 0.834681   1
    24      3 VAL    CA        4.72900    3.20000    2.74900   7.016983   3.057971 0.435796   1
    26      3 VAL    CB        4.84000    3.14500    2.84000  11.666334   3.609195 0.309368   1
    28      3 VAL    CG1       4.90200    3.23700    2.94700  10.305694   2.518741 0.244403   1
    32      3 VAL    CG2       4.78400    3.02000    2.92100  13.177822   3.475762 0.263758   1
    36      3 VAL    C         4.75800    3.33400    2.68700   5.855145   3.106947 0.530635   1
    37      3 VAL    O         4.75500    3.42900    2.76200   4.063936   1.361819 0.335099   1
    38      4 GLU    N         4.78400    3.35300    2.56000   8.945055   5.291854 0.591595   1
    40      4 GLU    CA        4.81900    3.47600    2.49700  11.466533   6.852574 0.597615   1
    42      4 GLU    CB        4.92500    3.45700    2.39000  16.533467  11.750625 0.710718   1
    45      4 GLU    CG        5.07200    3.42800    2.43800  19.869131  14.089955 0.709138   1
    48      4 GLU    CD        5.15800    3.38600    2.31400  24.284715  17.883558 0.736412   1
    49      4 GLU    OE1       5.26500    3.45100    2.29800  25.605395  17.976512 0.702060   1
    50      4 GLU    OE2       5.12200    3.29200    2.23500  23.726274  17.889055 0.753977   1
    51      4 GLU    C         4.69100    3.54000    2.44000   8.865135   5.460270 0.615926   1
    52      4 GLU    O         4.67400    3.66100    2.45900   8.447552   5.059970 0.598987   1
    53      5 LYS    N         4.59300    3.46400    2.38000   8.153846   5.719140 0.701404   1
    55      5 LYS    CA        4.45900    3.51100    2.34700   8.452547   6.056972 0.716585   1
    57      5 LYS    CB        4.37500    3.40600    2.27800  11.100899   8.001999 0.720842   1
    60      5 LYS    CG        4.44200    3.36000    2.14600  15.889111  11.711644 0.737086   1
    63      5 LYS    CD        4.34000    3.26600    2.08500  18.845155  12.594703 0.668326   1
    66      5 LYS    CE        4.39800    3.23100    1.94700  23.254745  14.784608 0.635767   1
    69      5 LYS    NZ        4.33400    3.10500    1.90000  24.822178  14.554223 0.586339   1
    73      5 LYS    C         4.39000    3.54500    2.47400   5.517483   2.643178 0.479055   1
    74      5 LYS    O         4.32600    3.65000    2.49000   5.737263   2.379310 0.414712   1
    75      6 GLY    N         4.40400    3.47200    2.58400   1.788212   0.960520 nan        0
    77      6 GLY    CA        4.34600    3.49800    2.71800   0.330669   0.233883 nan        0
    80      6 GLY    C         4.39900    3.62800    2.78300   0.268731   0.018491 nan        0
    81      6 GLY    O         4.32800    3.69200    2.86300   0.010989   0.001499 nan        0
    82      7 LYS    N         4.52500    3.67300    2.75100   1.718282   0.618191 nan        0
    84      7 LYS    CA        4.57800    3.80100    2.80400   3.082917   0.714143 nan        0
    86      7 LYS    CB        4.72900    3.80900    2.79600   7.966034   1.727636 0.216875   1
    89      7 LYS    CG        4.78900    3.94400    2.82200  13.046953   3.601699 0.276057   1
    92      7 LYS    CD        4.94700    3.93800    2.80300  16.557443   7.290855 0.440337   1
    95      7 LYS    CE        5.01100    4.05900    2.87000  20.910090   9.285857 0.444085   1
    98      7 LYS    NZ        5.15500    4.05200    2.83900  23.361638  11.182909 0.478687   1
   102      7 LYS    C         4.50800    3.90900    2.72300   3.522478   0.951024 nan        0
   103      7 LYS    O         4.45800    4.00400    2.77600   2.867133   0.408796 nan        0
   104      8 LYS    N         4.49100    3.88900    2.59400   5.661339   1.547726 0.273385   1
   106      8 LYS    CA        4.43700    3.98700    2.50300   7.149850   2.487256 0.347875   1
   108      8 LYS    CB        4.46900    3.94200    2.36100  11.280719   5.142429 0.455860   1
   111      8 LYS    CG        4.42500    4.04800    2.25900  14.840160   7.742129 0.521701   1
   114      8 LYS    CD        4.45300    4.02800    2.10800  19.529471  10.659670 0.545825   1
   117      8 LYS    CE        4.60100    4.03900    2.07700  22.305694  12.576212 0.563812   1
   120      8 LYS    NZ        4.62600    4.01500    1.92800  25.277722  13.650675 0.540028   1
   124      8 LYS    C         4.28400    4.00500    2.52300   5.303696   2.229385 0.420346   1
   125      8 LYS    O         4.23300    4.11500    2.51600   5.792208   2.911544 0.502666   1
   126      9 ILE    N         4.21300    3.89700    2.56000   3.301698   1.990005 nan        0
   128      9 ILE    CA        4.07100    3.91300    2.60200   3.355644   2.317841 nan        0
   130      9 ILE    CB        4.00300    3.77100    2.61200   3.383616   2.458771 nan        0
   132      9 ILE    CG2       3.85300    3.78700    2.64900   2.133866   2.082959 nan        0
   136      9 ILE    CG1       3.99000    3.70000    2.47500   6.176823   3.884558 0.628892   1
   139      9 ILE    CD        3.96600    3.55300    2.47800   5.526474   3.748126 0.678213   1
   143      9 ILE    C         4.06900    3.99900    2.73000   1.311688   1.259370 nan        0
   144      9 ILE    O         3.97700    4.08700    2.75200   1.829171   1.371814 nan        0
   145     10 PHE    N         4.15900    3.97500    2.82300   0.137862   0.196402 nan        0
   147     10 PHE    CA        4.17200    4.04500    2.95600   0.269730   0.014993 nan        0
   149     10 PHE    CB        4.26300    3.97000    3.05500   1.289710   0.057471 nan        0
   152     10 PHE    CG        4.27800    4.03100    3.19200   1.764236   0.633183 nan        0
   153     10 PHE    CD1       4.37200    4.14000    3.22200   4.580420   1.665167 0.363540   1
   155     10 PHE    CE1       4.35400    4.20900    3.34900   4.993007   2.750125 0.550795   1
   157     10 PHE    CZ        4.25700    4.16600    3.44200   3.475524   2.073463 nan        0
   159     10 PHE    CE2       4.17500    4.05700    3.41200   1.395604   0.261369 nan        0
   161     10 PHE    CD2       4.18500    3.98600    3.28700   0.905095   0.133433 nan        0
   163     10 PHE    C         4.20900    4.18900    2.94600   1.991009   0.961519 nan        0
   164     10 PHE    O         4.15400    4.27200    3.01700   2.675325   1.040480 nan        0
   165     11 VAL    N         4.31100    4.21900    2.85600   3.145854   0.839080 nan        0
   167     11 VAL    CA        4.35700    4.35300    2.83200   8.251748   1.305847 0.158251   1
   169     11 VAL    CB        4.49000    4.35900    2.75200  12.297702   1.350825 0.109844   1
   171     11 VAL    CG1       4.53800    4.49700    2.71100  16.662338   2.447776 0.146905   1
   175     11 VAL    CG2       4.60000    4.29300    2.83100  11.620380   1.840580 0.158392   1
   179     11 VAL    C         4.25100    4.44100    2.77000   9.726274   1.682659 0.173001   1
   180     11 VAL    O         4.22500    4.55100    2.81400  12.181818   1.909045 0.156713   1
   181     12 GLN    N         4.16700    4.38000    2.68800   8.587413   2.105447 0.245178   1
   183     12 GLN    CA        4.05300    4.45100    2.62100  12.471528   2.936032 0.235419   1
   185     12 GLN    CB        4.02500    4.37700    2.48400  14.020979   3.951024 0.281794   1
   188     12 GLN    CG        4.13200    4.37500    2.37500  15.192807   4.991004 0.328511   1
   191     12 GLN    CD        4.10000    4.27800    2.26200  17.036963   6.932534 0.406911   1
   192     12 GLN    OE1       3.98900    4.22500    2.25000  15.949051   7.357321 0.461302   1
   193     12 GLN    NE2       4.18900    4.24600    2.17200  18.954046   8.275862 0.436628   1
   196     12 GLN    C         3.92300    4.47000    2.70800  12.163836   2.562219 0.210642   1
   197     12 GLN    O         3.86000    4.57700    2.69300  15.683317   2.928536 0.186729   1
   198     13 LYS    N         3.89200    4.36800    2.78900   8.440559   2.195902 0.260161   1
   200     13 LYS    CA        3.76200    4.35300    2.85100   9.253746   3.089455 0.333860   1
   202     13 LYS    CB        3.69300    4.22300    2.80100   8.110889   2.772114 0.341777   1
   205     13 LYS    CG        3.67600    4.19900    2.65400   9.729271   4.582709 0.471023   1
   208     13 LYS    CD        3.59000    4.07000    2.61800   9.493506   6.274363 0.660911   1
   211     13 LYS    CE        3.56700    4.07100    2.46800  13.967033   8.562719 0.613066   1
   214     13 LYS    NZ        3.47500    3.96000    2.43400  14.291708   9.662169 0.676068   1
   218     13 LYS    C         3.76100    4.36700    3.00600   7.216783   2.421289 0.335508   1
   219     13 LYS    O         3.65300    4.38800    3.06100   8.503497   2.963518 0.348506   1
   220     14 CYS    N         3.87100    4.35700    3.07700   5.352647   2.253373 0.420983   1
   222     14 CYS    CA        3.87200    4.34300    3.22900   4.462537   2.399800 0.537766   1
   224     14 CYS    CB        3.91000    4.19500    3.25800   2.736264   1.541229 nan        0
   227     14 CYS    SG        3.78800    4.07500    3.19100   1.838162   0.559720 nan        0
   229     14 CYS    C         3.96200    4.43000    3.30900   4.755245   2.389805 0.502562   1
   230     14 CYS    O         3.93100    4.48100    3.41500   4.951049   2.700650 0.545470   1
   231     15 ALA    N         4.07000    4.46100    3.24400   6.869131   2.303348 0.335319   1
   233     15 ALA    CA        4.18500    4.53900    3.28800   9.445554   2.921539 0.309303   1
   235     15 ALA    CB        4.28600    4.53800    3.17300  11.721279   3.312844 0.282635   1
   239     15 ALA    C         4.13900    4.67900    3.33200  11.033966   3.941029 0.357173   1
   240     15 ALA    O         4.18600    4.73000    3.43100  12.249750   4.690155 0.382878   1
   241     16 GLN    N         4.04200    4.73800    3.26400  11.599401   3.534233 0.304691   1
   243     16 GLN    CA        3.98300    4.86400    3.31500  13.753247   4.889555 0.355520   1
   245     16 GLN    CB        3.87600    4.90400    3.21600  17.031968   4.576212 0.268684   1
   248     16 GLN    CG        3.78500    5.02400    3.25800  20.545455   6.157921 0.299722   1
   251     16 GLN    CD        3.66500    5.05500    3.17100  23.357642   5.482259 0.234709   1
   252     16 GLN    OE1       3.67000    5.10600    3.06200  24.403596   5.583208 0.228786   1
   253     16 GLN    NE2       3.54600    5.00900    3.20500  21.152847   4.714143 0.222861   1
   256     16 GLN    C         3.92500    4.86000    3.45500  10.941059   4.740630 0.433288   1
   257     16 GLN    O         3.93500    4.95500    3.53700  11.279720   4.876062 0.432286   1
   258     17 CYS    N         3.86900    4.74800    3.49900   8.220779   5.049475 0.614233   1
   260     17 CYS    CA        3.80500    4.74100    3.62600   6.602398   4.922039 0.745493   1
   262     17 CYS    CB        3.65600    4.71000    3.61100   9.548452   5.920540 0.620052   1
   265     17 CYS    SG        3.55700    4.85000    3.54000  13.703297   5.921039 0.432089   1
   267     17 CYS    C         3.87300    4.64200    3.72600   3.974026   3.862069 nan        0
   268     17 CYS    O         3.83000    4.63800    3.84000   3.718282   4.228386 nan        0
   269     18 HIS    N         3.98500    4.57300    3.69300   2.788212   2.527236 nan        0
   271     18 HIS    CA        4.04800    4.46800    3.77300   1.583417   1.577711 nan        0
   273     18 HIS    CB        3.98800    4.33100    3.73800   1.581419   2.110445 nan        0
   276     18 HIS    CG        3.84200    4.30600    3.78000   3.489510   4.332334 nan        0
   277     18 HIS    ND1       3.80800    4.27900    3.91200   4.706294   5.199400 1.104776   1
   279     18 HIS    CE1       3.68300    4.23900    3.91900   7.009990   7.327336 1.045271   1
   281     18 HIS    NE2       3.62900    4.24000    3.79800   7.580420   6.872564 0.906620   1
   282     18 HIS    CD2       3.73100    4.28100    3.70600   5.882118   5.119940 0.870425   1
   284     18 HIS    C         4.20400    4.46900    3.76100   3.610390   2.142429 nan        0
   285     18 HIS    O         4.27500    4.49800    3.66400   5.843157   3.450775 0.590567   1
   286     19 THR    N         4.26000    4.41500    3.86700   3.150849   2.188406 nan        0
   288     19 THR    CA        4.40400    4.38800    3.87300   4.858142   3.153423 0.649101   1
   290     19 THR    CB        4.46100    4.47100    3.98500   5.663337   3.675662 0.649028   1
   292     19 THR    CG2       4.61400    4.48400    3.98200   8.564436   5.879560 0.686509   1
   296     19 THR    OG1       4.41300    4.60200    3.98400   6.609391   4.288356 0.648828   1
   298     19 THR    C         4.42900    4.24200    3.90900   3.362637   2.270365 nan        0
   299     19 THR    O         4.35200    4.18100    3.99000   1.236763   0.756622 nan        0
   300     20 VAL    N         4.53100    4.17200    3.85200   4.990010   3.388306 0.679018   1
   302     20 VAL    CA        4.55800    4.03900    3.88300   4.298701   3.225887 0.750433   1
   304     20 VAL    CB        4.54900    3.93700    3.76600   5.256743   2.748126 0.522781   1
   306     20 VAL    CG1       4.41600    3.96100    3.68600   2.261738   1.610195 nan        0
   310     20 VAL    CG2       4.67900    3.93300    3.67100   7.895105   5.099950 0.645964   1
   314     20 VAL    C         4.69000    4.00700    3.96100   5.349650   4.321339 0.807780   1
   315     20 VAL    O         4.70100    3.89400    4.00700   3.824176   2.887056 nan        0
   316     21 GLU    N         4.78200    4.09900    3.97100   7.489510   5.847576 0.780769   1
   318     21 GLU    CA        4.90900    4.09000    4.03600  10.668332   6.936532 0.650198   1
   320     21 GLU    CB        5.00500    4.18400    3.96400  16.472527  11.338331 0.688318   1
   323     21 GLU    CG        4.95900    4.33500    3.94200  17.504496  12.613193 0.720569   1
   326     21 GLU    CD        4.90300    4.35700    3.80100  19.140859  12.275862 0.641343   1
   327     21 GLU    OE1       4.80400    4.29500    3.74800  16.248751   9.981509 0.614294   1
   328     21 GLU    OE2       4.94800    4.45900    3.74600  20.719281  14.099450 0.680499   1
   329     21 GLU    C         4.90300    4.11200    4.18300   8.245754   5.121939 0.621161   1
   330     21 GLU    O         4.83000    4.19600    4.23400   6.677323   3.700150 0.554137   1
   331     22 LYS    N         4.97800    4.02500    4.25500   9.846154   5.758621 0.584860   1
   333     22 LYS    CA        4.97000    4.00900    4.40200  11.371628   5.700650 0.501305   1
   335     22 LYS    CB        5.06200    3.88700    4.44800  14.546454   8.900550 0.611871   1
   338     22 LYS    CG        5.05700    3.87400    4.60400  18.320679  10.672664 0.582547   1
   341     22 LYS    CD        5.16100    3.77200    4.64100  19.424575  14.007996 0.721148   1
   344     22 LYS    CE        5.14200    3.71900    4.78000  21.584416  13.106947 0.607241   1
   347     22 LYS    NZ        5.19000    3.81100    4.88300  24.118881  13.469765 0.558474   1
   351     22 LYS    C         5.01500    4.14000    4.47400  14.454545   7.448776 0.515324   1
   352     22 LYS    O         5.11900    4.19600    4.43500  16.171828   8.959520 0.554020   1
   353     23 GLY    N         4.93800    4.18600    4.57500  15.123876   6.337331 0.419028   1
   355     23 GLY    CA        4.95600    4.31500    4.64200  18.338661   6.916042 0.377129   1
   358     23 GLY    C         4.92000    4.43400    4.55700  18.727273   7.064968 0.377256   1
   359     23 GLY    O         4.93600    4.54700    4.59800  20.945055   7.628186 0.364200   1
   360     24 GLY    N         4.86200    4.41300    4.43600  14.225774   4.949025 0.347891   1
   362     24 GLY    CA        4.82500    4.52700    4.35700  12.310689   5.447776 0.442524   1
   365     24 GLY    C         4.69300    4.59600    4.38800  12.686314   5.051474 0.398183   1
   366     24 GLY    O         4.60900    4.54500    4.46000  12.218781   3.665167 0.299962   1
   367     25 LYS    N         4.67500    4.71400    4.32200  13.714286   5.625187 0.410170   1
   369     25 LYS    CA        4.56000    4.80000    4.35800  13.472527   5.411294 0.401654   1
   371     25 LYS    CB        4.57900    4.93600    4.29600  16.621379   7.559220 0.454789   1
   374     25 LYS    CG        4.56300    4.93800    4.14300  16.368631   8.919540 0.544917   1
   377     25 LYS    CD        4.57300    5.09000    4.10500  19.725275  11.482259 0.582109   1
   380     25 LYS    CE        4.57100    5.11100    3.95200  19.476523  13.597201 0.698133   1
   383     25 LYS    NZ        4.60600    5.24800    3.91000  23.269730  14.197401 0.610123   1
   387     25 LYS    C         4.42900    4.72600    4.33000   9.881119   3.233383 0.327228   1
   388     25 LYS    O         4.42000    4.65100    4.23600   6.305694   2.056472 0.326129   1
   389     26 HIS    N         4.33100    4.74700    4.41800  10.017982   3.083958 0.307842   1
   391     26 HIS    CA        4.19300    4.76000    4.37000   7.803197   2.957021 0.378950   1
   393     26 HIS    CB        4.09900    4.77500    4.49200  10.116883   4.151924 0.410396   1
   396     26 HIS    CG        4.10900    4.66300    4.59100   9.826174   3.185407 0.324176   1
   397     26 HIS    ND1       4.14300    4.53300    4.55800   7.096903   1.813593 0.255547   1
   398     26 HIS    CE1       4.14500    4.46200    4.67300   8.570430   2.107446 0.245897   1
   400     26 HIS    NE2       4.10200    4.54100    4.77900  10.408591   2.391304 0.229743   1
   402     26 HIS    CD2       4.08900    4.66400    4.72700  12.383616   4.202899 0.339392   1
   404     26 HIS    C         4.16500    4.86500    4.25900   9.749251   4.301349 0.441198   1
   405     26 HIS    O         4.23500    4.95900    4.24600  12.658342   6.158421 0.486511   1
   406     27 LYS    N         4.06000    4.84100    4.17900   8.128871   3.961019 0.487278   1
   408     27 LYS    CA        4.00100    4.93900    4.08200   9.376623   5.205897 0.555200   1
   410     27 LYS    CB        4.04300    4.90000    3.94300   7.822178   3.576212 0.457189   1
   413     27 LYS    CG        4.19300    4.86900    3.92200   9.156843   5.800600 0.633472   1
   416     27 LYS    CD        4.24700    4.83700    3.77800  10.896104   6.641179 0.609500   1
   419     27 LYS    CE        4.22700    4.96100    3.69200  15.239760   8.049975 0.528222   1
   422     27 LYS    NZ        4.30500    4.95300    3.56800  17.175824   9.182909 0.534642   1
   426     27 LYS    C         3.85300    4.95300    4.10500  10.587413   6.929035 0.654460   1
   427     27 LYS    O         3.80700    4.92700    4.21700  12.568432   7.827586 0.622797   1
   428     28 THR    N         3.77200    4.98600    4.00000  11.941059   8.429285 0.705908   1
   430     28 THR    CA        3.62900    4.97100    4.01100  15.800200  10.198901 0.645492   1
   432     28 THR    CB        3.55700    4.99900    3.87900  18.298701   9.639180 0.526769   1
   434     28 THR    CG2       3.40900    5.02100    3.90300  19.680320   9.896552 0.502865   1
   438     28 THR    OG1       3.58100    5.12700    3.81800  18.142857   8.360320 0.460805   1
   440     28 THR    C         3.58100    4.84000    4.06900  12.823177   9.083458 0.708363   1
   441     28 THR    O         3.48800    4.83900    4.14500  13.342657   9.320840 0.698574   1
   442     29 GLY    N         3.65200    4.73000    4.04300   8.490509   7.762119 0.914211   1
   444     29 GLY    CA        3.64200    4.60500    4.12400   6.865135   7.635682 1.112241   1
   447     29 GLY    C         3.76800    4.56200    4.19900   4.816184   5.343828 1.109557   1
   448     29 GLY    O         3.87100    4.63100    4.19400   2.964036   3.066467 nan        0
   449     30 PRO    N         3.76300    4.44900    4.27400   4.456543   6.148926 1.379752   1
   450     30 PRO    CD        3.66000    4.34300    4.28300   7.331668   8.934033 1.218554   1
   453     30 PRO    CG        3.73000    4.22600    4.35000   7.049950   8.737631 1.239389   1
   456     30 PRO    CB        3.82800    4.29200    4.44900   3.290709   5.049475 nan        0
   459     30 PRO    CA        3.87800    4.40400    4.36100   1.167832   3.683658 nan        0
   461     30 PRO    C         3.99900    4.35200    4.27700   1.648352   2.184908 nan        0
   462     30 PRO    O         3.99100    4.32100    4.15700   0.994006   3.454273 nan        0
   463     31 ASN    N         4.11200    4.33300    4.34800   3.587413   1.583208 nan        0
   465     31 ASN    CA        4.22500    4.25900    4.29500   4.548452   1.553223 0.341484   1
   467     31 ASN    CB        4.34800    4.28700    4.39100   5.526474   2.342829 0.423928   1
   470     31 ASN    CG        4.47500    4.22500    4.33600   5.611389   2.139430 0.381266   1
   471     31 ASN    OD1       4.49500    4.10700    4.32500   6.381618   2.401799 0.376362   1
   472     31 ASN    ND2       4.55500    4.30800    4.27100   3.851149   1.866567 nan        0
   475     31 ASN    C         4.19200    4.11000    4.29000   4.505495   2.600700 0.577228   1
   476     31 ASN    O         4.10300    4.05900    4.36000   5.678322   3.640180 0.641066   1
   477     32 LEU    N         4.24500    4.02600    4.20200   3.172827   2.095452 nan        0
   479     32 LEU    CA        4.20600    3.89200    4.16900   2.719281   2.816092 nan        0
   481     32 LEU    CB        4.16400    3.88200    4.01800   1.952048   1.963018 nan        0
   484     32 LEU    CG        4.04800    3.97600    3.97400   3.109890   3.278861 nan        0
   486     32 LEU    CD1       4.01700    3.97500    3.81900   2.135864   1.872064 nan        0
   490     32 LEU    CD2       3.91900    3.93400    4.03800   5.275724   4.611694 0.874135   1
   494     32 LEU    C         4.32800    3.80100    4.19300   2.821179   1.777611 nan        0
   495     32 LEU    O         4.32000    3.68400    4.14800   2.559441   1.632684 nan        0
   496     33 HIS    N         4.43100    3.83400    4.27600   4.842158   2.549225 0.526465   1
   498     33 HIS    CA        4.52900    3.73700    4.32700   6.583417   2.742629 0.416597   1
   500     33 HIS    CB        4.64600    3.81000    4.38000   7.436563   2.908046 0.391047   1
   503     33 HIS    CG        4.75200    3.71300    4.42100   9.539461   5.222889 0.547504   1
   504     33 HIS    ND1       4.81400    3.62900    4.32400   8.625375   4.794103 0.555814   1
   505     33 HIS    CE1       4.88000    3.54000    4.39600  10.480519   6.420790 0.612640   1
   507     33 HIS    NE2       4.85600    3.55000    4.52500  13.096903   7.713143 0.588929   1
   509     33 HIS    CD2       4.78200    3.66400    4.54100  12.543457   7.348826 0.585869   1
   511     33 HIS    C         4.46800    3.63400    4.43100  10.187812   3.888556 0.381687   1
   512     33 HIS    O         4.41800    3.68300    4.53700  10.195804   4.896552 0.480252   1
   513     34 GLY    N         4.49300    3.50200    4.40900  10.883117   4.187406 0.384762   1
   515     34 GLY    CA        4.44700    3.39200    4.48700  11.867133   4.793103 0.403897   1
   518     34 GLY    C         4.30100    3.36100    4.46700   9.969031   4.457771 0.447162   1
   519     34 GLY    O         4.24700    3.29600    4.55200  11.707293   5.472264 0.467424   1
   520     35 LEU    N         4.25200    3.39400    4.34400   7.050949   3.350825 0.475230   1
   522     35 LEU    CA        4.11000    3.38500    4.31000   6.186813   4.035982 0.652352   1
   524     35 LEU    CB        4.08600    3.44100    4.16500   5.207792   2.973513 0.570974   1
   527     35 LEU    CG        3.94800    3.41300    4.08900   5.596404   2.994003 0.534987   1
   529     35 LEU    CD1       3.84400    3.50000    4.15900   6.878122   6.282359 0.913383   1
   533     35 LEU    CD2       3.94500    3.46900    3.94500   3.428571   2.078461 nan        0
   537     35 LEU    C         4.06300    3.24000    4.31100   5.310689   3.065467 0.577226   1
   538     35 LEU    O         3.96600    3.20600    4.38100   5.734266   4.543728 0.792382   1
   539     36 PHE    N         4.13900    3.14600    4.25400   7.264735   2.489255 0.342649   1
   541     36 PHE    CA        4.10200    3.00400    4.24400   9.769231   2.871564 0.293940   1
   543     36 PHE    CB        4.18500    2.93100    4.13600  11.182817   2.723638 0.243556   1
   546     36 PHE    CG        4.16200    2.96300    3.99300   8.761239   2.506747 0.286118   1
   547     36 PHE    CD1       4.11600    2.86300    3.90600   8.659341   2.779110 0.320938   1
   549     36 PHE    CE1       4.10300    2.89300    3.76700   6.031968   2.487756 0.412429   1
   551     36 PHE    CZ        4.12400    3.02500    3.72000   3.936064   1.925537 nan        0
   553     36 PHE    CE2       4.16600    3.12200    3.80900   3.058941   1.593203 nan        0
   555     36 PHE    CD2       4.19100    3.09300    3.94400   5.728272   1.873063 0.326986   1
   557     36 PHE    C         4.12300    2.92900    4.37300  13.727273   3.202399 0.233287   1
   558     36 PHE    O         4.22000    2.94400    4.43800  14.618382   3.988506 0.272842   1
   559     37 GLY    N         4.02700    2.84500    4.40700  13.534466   3.281359 0.242445   1
   561     37 GLY    CA        4.02800    2.78100    4.54100  15.248751   4.140430 0.271526   1
   564     37 GLY    C         3.96100    2.86900    4.65200  15.025974   5.528736 0.367945   1
   565     37 GLY    O         3.94700    2.82600    4.76700  17.216783   7.121939 0.413663   1
   566     38 ARG    N         3.90700    2.98700    4.62200  11.194805   5.193403 0.463912   1
   568     38 ARG    CA        3.86300    3.08900    4.71600  10.004995   6.229885 0.622677   1
   570     38 ARG    CB        3.92300    3.22600    4.68000  10.590410   6.346327 0.599252   1
   573     38 ARG    CG        3.93600    3.31700    4.80900  11.882118   8.261369 0.695278   1
   576     38 ARG    CD        4.05200    3.41300    4.79700  13.761239   7.379310 0.536239   1
   579     38 ARG    NE        4.02700    3.52900    4.70300  11.777223   7.148426 0.606970   1
   581     38 ARG    CZ        4.12100    3.61500    4.68300  10.789211   6.215892 0.576121   1
   582     38 ARG    NH1       4.08800    3.70300    4.59400   8.170829   5.079960 0.621719   1
   585     38 ARG    NH2       4.23200    3.61800    4.74800  12.804196   6.504748 0.508017   1
   588     38 ARG    C         3.71000    3.09900    4.71200   6.749251   4.396802 0.651450   1
   589     38 ARG    O         3.65400    3.06000    4.61200   4.149850   3.042479 0.733154   1
   590     39 LYS    N         3.65200    3.14900    4.81700   8.534466   4.861069 0.569581   1
   592     39 LYS    CA        3.50800    3.17900    4.82800   8.259740   3.953523 0.478650   1
   594     39 LYS    CB        3.45600    3.15900    4.97500  12.216783   4.864068 0.398146   1
   597     39 LYS    CG        3.45900    3.01200    5.02500  15.601399   7.808096 0.500474   1
   600     39 LYS    CD        3.37000    2.92500    4.93500  16.892108   8.077961 0.478209   1
   603     39 LYS    CE        3.34600    2.79900    5.01900  19.000999   8.916042 0.469241   1
   606     39 LYS    NZ        3.23000    2.71100    4.98000  19.339660   9.500750 0.491257   1
   610     39 LYS    C         3.46300    3.31900    4.78000   7.322677   4.388806 0.599344   1
   611     39 LYS    O         3.54400    3.41100    4.76700   6.837163   5.239880 0.766382   1
   612     40 THR    N         3.33500    3.32900    4.75200   6.359640   3.438781 0.540719   1
   614     40 THR    CA        3.28800    3.45200    4.69100   6.371628   4.301849 0.675157   1
   616     40 THR    CB        3.13900    3.43700    4.64800   4.702298   2.691154 0.572306   1
   618     40 THR    CG2       3.14100    3.33200    4.52900   3.035964   2.164918 nan        0
   622     40 THR    OG1       3.06000    3.39200    4.75600   4.887113   1.999000 0.409035   1
   624     40 THR    C         3.29400    3.57300    4.78200   6.883117   4.861569 0.706303   1
   625     40 THR    O         3.24500    3.56400    4.89400   8.245754   3.876062 0.470068   1
   626     41 GLY    N         3.36300    3.68200    4.73700   7.036963   6.050975 0.859884   1
   628     41 GLY    CA        3.36900    3.81200    4.80000   7.124875   5.716642 0.802350   1
   631     41 GLY    C         3.48800    3.82000    4.90200   8.493506   5.814093 0.684534   1
   632     41 GLY    O         3.48900    3.90900    4.98500  10.085914   6.468766 0.641366   1
   633     42 GLN    N         3.58000    3.71500    4.89900   8.925075   6.092454 0.682622   1
   635     42 GLN    CA        3.68600    3.70700    5.00300  11.480519   6.822589 0.594275   1
   637     42 GLN    CB        3.70800    3.56500    5.06300  12.981019   6.213393 0.478652   1
   640     42 GLN    CG        3.59100    3.49900    5.13000  15.293706   6.528236 0.426858   1
   643     42 GLN    CD        3.54100    3.58500    5.24800  18.537463   8.243378 0.444688   1
   644     42 GLN    OE1       3.45300    3.67200    5.25000  17.167832   7.218891 0.420489   1
   645     42 GLN    NE2       3.61000    3.57200    5.35800  21.716284   9.031484 0.415885   1
   648     42 GLN    C         3.81500    3.77200    4.93900  11.345654   5.894053 0.519499   1
   649     42 GLN    O         3.91900    3.70300    4.94400  12.346653   6.430285 0.520812   1
   650     43 ALA    N         3.82200    3.89600    4.89100  10.189810   6.009495 0.589755   1
   652     43 ALA    CA        3.93800    3.96400    4.85500  10.165834   4.840580 0.476162   1
   654     43 ALA    CB        3.93700    4.00600    4.70400   7.578422   4.828586 0.637149   1
   658     43 ALA    C         3.95600    4.08800    4.95600  10.471528   4.537731 0.433340   1
   659     43 ALA    O         3.87200    4.17800    4.95700   8.317682   4.681659 0.562856   1
   660     44 PRO    N         4.05500    4.08400    5.04500  14.748252   3.632684 0.246313   1
   661     44 PRO    CD        4.14800    3.97800    5.06000  17.553447   3.862069 0.220018   1
   664     44 PRO    CG        4.22700    4.00700    5.19000  20.930070   4.222389 0.201738   1
   667     44 PRO    CB        4.21200    4.15300    5.21900  21.513487   3.770615 0.175267   1
   670     44 PRO    CA        4.07300    4.18500    5.15000  17.390609   3.765117 0.216503   1
   672     44 PRO    C         4.08000    4.33400    5.10300  14.979021   3.239880 0.216295   1
   673     44 PRO    O         4.15700    4.36500    5.00800  13.883117   3.432784 0.247263   1
   674     45 GLY    N         4.00200    4.42600    5.16100  16.642358   5.506247 0.330857   1
   676     45 GLY    CA        4.02400    4.56900    5.13800  17.612388   6.114943 0.347196   1
   679     45 GLY    C         3.92800    4.62200    5.03200  16.199800   6.911044 0.426613   1
   680     45 GLY    O         3.94000    4.73700    4.99300  17.642358   7.095952 0.402211   1
   681     46 PHE    N         3.84000    4.53900    4.96800  12.198801   5.768116 0.472843   1
   683     46 PHE    CA        3.73800    4.58500    4.87200   9.706294   5.186407 0.534334   1
   685     46 PHE    CB        3.73900    4.50100    4.75100   5.493506   2.994003 0.545008   1
   688     46 PHE    CG        3.65500    4.56000    4.63900   5.017982   3.857571 0.768750   1
   689     46 PHE    CD1       3.69300    4.67200    4.57000   6.102897   5.873563 0.962422   1
   691     46 PHE    CE1       3.59800    4.72000    4.47300   8.530470   7.742129 0.907585   1
   693     46 PHE    CZ        3.47500    4.66000    4.44800   9.189810   8.956022 0.974560   1
   695     46 PHE    CE2       3.44500    4.54500    4.52100   7.936064   7.050475 0.888410   1
   697     46 PHE    CD2       3.53100    4.49700    4.61300   5.824176   5.887556 1.010882   1
   699     46 PHE    C         3.60600    4.56400    4.94900  11.220779   6.448276 0.574673   1
   700     46 PHE    O         3.57400    4.46200    5.01300  11.633367   6.488756 0.557771   1
   701     47 THR    N         3.51200    4.66100    4.92400  12.333666   7.317841 0.593322   1
   703     47 THR    CA        3.37500    4.64400    4.97600  14.787213   9.041979 0.611473   1
   705     47 THR    CB        3.31300    4.78000    5.01100  19.461538  11.057971 0.568196   1
   707     47 THR    CG2       3.16100    4.78000    5.04300  21.482517  11.701649 0.544706   1
   711     47 THR    OG1       3.38600    4.83100    5.11300  21.499500  12.457771 0.579445   1
   713     47 THR    C         3.29900    4.57600    4.86400  11.367632   6.758621 0.594550   1
   714     47 THR    O         3.27100    4.64300    4.76600  12.039960   8.126937 0.674997   1
   715     48 TYR    N         3.25500    4.45200    4.88100   9.012987   5.268366 0.584531   1
   717     48 TYR    CA        3.15700    4.38800    4.78200   6.583417   4.302849 0.653589   1
   719     48 TYR    CB        3.18000    4.23700    4.78300   5.316683   3.569715 0.671418   1
   722     48 TYR    CG        3.31200    4.18800    4.73500   5.621379   6.339330 1.127718   1
   723     48 TYR    CD1       3.31800    4.13500    4.60400   7.884116   7.756622 0.983829   1
   725     48 TYR    CE1       3.43400    4.08200    4.55000   8.394605   9.403298 1.120160   1
   727     48 TYR    CZ        3.55100    4.07700    4.63700   7.932068   7.937531 1.000689   1
   728     48 TYR    OH        3.66100    4.01200    4.58500   7.364635   6.995002 0.949810   1
   730     48 TYR    CE2       3.54200    4.13900    4.76400   6.399600   7.323838 1.144421   1
   732     48 TYR    CD2       3.42300    4.20100    4.81400   5.090909   5.416292 1.063914   1
   734     48 TYR    C         3.00800    4.41900    4.81400   8.789211   5.694153 0.647857   1
   735     48 TYR    O         2.98200    4.46800    4.92000  11.552448   7.112444 0.615666   1
   736     49 THR    N         2.91000    4.38700    4.72500   8.348651   4.588706 0.549634   1
   738     49 THR    CA        2.76900    4.37800    4.76000  10.163836   4.353823 0.428364   1
   740     49 THR    CB        2.66800    4.39000    4.64200  11.119880   3.403798 0.306100   1
   742     49 THR    CG2       2.65000    4.53700    4.59900  13.939061   4.338331 0.311236   1
   746     49 THR    OG1       2.71000    4.31800    4.53600   7.749251   2.783108 0.359145   1
   748     49 THR    C         2.73900    4.24300    4.83100   7.990010   3.289855 0.411746   1
   749     49 THR    O         2.80300    4.13700    4.81500   4.871129   2.368816 0.486297   1
   750     50 ASP    N         2.63500    4.23600    4.91200  12.018981   4.085957 0.339959   1
   752     50 ASP    CA        2.61600    4.12100    5.00500  12.686314   3.903048 0.307658   1
   754     50 ASP    CB        2.50000    4.15200    5.10600  16.734266   6.781609 0.405253   1
   757     50 ASP    CG        2.53700    4.26800    5.19600  21.327672  10.111944 0.474123   1
   758     50 ASP    OD1       2.62600    4.25900    5.28400  21.277722  11.452274 0.538228   1
   759     50 ASP    OD2       2.48700    4.38000    5.16900  22.196803  10.631184 0.478951   1
   760     50 ASP    C         2.58800    3.99000    4.94200   9.293706   1.925537 0.207187   1
   761     50 ASP    O         2.64900    3.88700    4.97000   7.824176   1.388806 0.177502   1
   762     51 ALA    N         2.50900    3.99200    4.83400  10.116883   0.996502 0.098499   1
   764     51 ALA    CA        2.48100    3.87300    4.75300   8.946054   0.359820 0.040221   1
   766     51 ALA    CB        2.37500    3.92200    4.65800  10.660340   0.385807 0.036191   1
   770     51 ALA    C         2.60300    3.81700    4.68000   5.774226   0.240880 0.041716   1
   771     51 ALA    O         2.60600    3.69700    4.63900   4.979021   0.269365 0.054100   1
   772     52 ASN    N         2.70400    3.89900    4.66900   3.638362   0.670165 nan        0
   774     52 ASN    CA        2.83300    3.85700    4.60500   2.684316   1.307846 nan        0
   776     52 ASN    CB        2.88800    3.97600    4.52700   4.962038   3.665167 0.738642   1
   779     52 ASN    CG        2.99800    3.93800    4.42800   6.058941   5.507246 0.908945   1
   780     52 ASN    OD1       2.98700    3.95900    4.30600   6.462537   5.690655 0.880560   1
   781     52 ASN    ND2       3.11000    3.89200    4.47100   7.853147   6.733633 0.857444   1
   784     52 ASN    C         2.93400    3.81300    4.71700   2.601399   1.377811 nan        0
   785     52 ASN    O         3.03800    3.75400    4.68700   3.552448   2.193403 nan        0
   786     53 LYS    N         2.90400    3.83400    4.84900   2.533467   0.588206 nan        0
   788     53 LYS    CA        2.95800    3.76500    4.96800   6.076923   2.000000 0.329114   1
   790     53 LYS    CB        2.96500    3.85100    5.09200  10.712288   4.598701 0.429292   1
   793     53 LYS    CG        3.02800    3.98800    5.07300  12.009990   6.364318 0.529919   1
   796     53 LYS    CD        3.04700    4.05700    5.21300  16.767233  10.169415 0.606505   1
   799     53 LYS    CE        3.11400    4.18800    5.18700  17.670330  10.540730 0.596521   1
   802     53 LYS    NZ        3.13600    4.26900    5.30900  21.819181  12.960520 0.593997   1
   806     53 LYS    C         2.89500    3.62900    4.99300   7.221778   2.045977 0.283307   1
   807     53 LYS    O         2.96600    3.52900    5.00800   8.659341   2.079960 0.240198   1
   808     54 ASN    N         2.75800    3.62900    4.99700   9.299700   1.895552 0.203829   1
   810     54 ASN    CA        2.66200    3.51800    5.04500  13.886114   1.407296 0.101346   1
   812     54 ASN    CB        2.54700    3.59500    5.11200  16.318681   1.908546 0.116955   1
   815     54 ASN    CG        2.59600    3.69100    5.22900  17.355644   3.736632 0.215298   1
   816     54 ASN    OD1       2.70700    3.68000    5.27800  17.809191   5.308346 0.298068   1
   817     54 ASN    ND2       2.52200    3.79300    5.25800  19.059940   4.129435 0.216655   1
   820     54 ASN    C         2.62300    3.42000    4.93200  12.915085   1.347326 0.104322   1
   821     54 ASN    O         2.55300    3.32300    4.95200  16.606394   2.018991 0.121579   1
   822     55 LYS    N         2.68000    3.43100    4.80800   8.849151   1.332834 0.150617   1
   824     55 LYS    CA        2.68200    3.33200    4.69300   9.458541   1.971014 0.208385   1
   826     55 LYS    CB        2.75600    3.39200    4.56800   5.496503   1.641179 0.298586   1
   829     55 LYS    CG        2.75900    3.30100    4.44300   6.144855   2.955522 0.480975   1
   832     55 LYS    CD        2.62400    3.28100    4.38200  10.829171   4.505247 0.416029   1
   835     55 LYS    CE        2.61500    3.18700    4.25800  11.824176   6.892554 0.582920   1
   838     55 LYS    NZ        2.47900    3.17600    4.20500  15.898102   8.864568 0.557587   1
   842     55 LYS    C         2.75000    3.19700    4.72800  11.008991   2.230885 0.202642   1
   843     55 LYS    O         2.70500    3.09200    4.68700  13.692308   3.285357 0.239942   1
   844     56 GLY    N         2.86000    3.20800    4.80800  10.154845   1.471264 0.144883   1
   846     56 GLY    CA        2.92000    3.09700    4.87800  12.643357   2.157921 0.170676   1
   849     56 GLY    C         2.98100    2.99300    4.79400  12.978022   4.123938 0.317763   1
   850     56 GLY    O         3.03700    2.90000    4.85300  14.783217   5.076462 0.343394   1
   851     57 ILE    N         2.99400    2.99800    4.65900  11.559441   4.189905 0.362466   1
   853     57 ILE    CA        3.06300    2.89800    4.56800  10.066933   5.296852 0.526163   1
   855     57 ILE    CB        3.00500    2.90500    4.42200  10.720280   5.692654 0.531017   1
   857     57 ILE    CG2       2.86200    2.84500    4.40800  13.677323   7.555722 0.552427   1
   861     57 ILE    CG1       3.01000    3.04500    4.35400   6.228771   4.118941 0.661277   1
   864     57 ILE    CD        3.14300    3.08300    4.28400   3.120879   2.753123 nan        0
   868     57 ILE    C         3.21300    2.92000    4.56800   6.409590   4.239880 0.661490   1
   869     57 ILE    O         3.26800    3.01200    4.62600   4.715285   2.784608 0.590549   1
   870     58 THR    N         3.28800    2.82600    4.50800   7.945055   5.664668 0.712980   1
   872     58 THR    CA        3.43600    2.81800    4.50700   7.256743   5.361819 0.738874   1
   874     58 THR    CB        3.48600    2.68700    4.57600  11.557443   8.216392 0.710918   1
   876     58 THR    CG2       3.63900    2.67900    4.61600  12.514486   7.423288 0.593176   1
   880     58 THR    OG1       3.41100    2.65500    4.68900  14.420579   9.550725 0.662298   1
   882     58 THR    C         3.47800    2.82800    4.36200   5.375624   4.280860 0.796346   1
   883     58 THR    O         3.42700    2.76600    4.26500   6.424575   5.029985 0.782929   1
   884     59 TRP    N         3.57700    2.91000    4.34700   3.913087   3.390305 nan        0
   886     59 TRP    CA        3.63100    2.95400    4.21200   2.882118   2.404798 nan        0
   888     59 TRP    CB        3.68400    3.09900    4.20800   3.226773   2.363818 nan        0
   891     59 TRP    CG        3.59800    3.21700    4.21600   5.796204   3.181909 0.548964   1
   892     59 TRP    CD1       3.61100    3.31900    4.30500   7.155844   6.396802 0.893927   1
   894     59 TRP    NE1       3.50900    3.41300    4.29200   6.691309   6.592204 0.985189   1
   896     59 TRP    CE2       3.42200    3.36900    4.19500   6.485514   4.426287 0.682488   1
   897     59 TRP    CZ2       3.29600    3.42400    4.15700   5.633367   4.019990 0.713603   1
   899     59 TRP    CH2       3.22500    3.35300    4.06300   4.138861   2.122439 0.512807   1
   901     59 TRP    CZ3       3.27500    3.23700    4.01000   2.230769   1.141429 nan        0
   903     59 TRP    CE3       3.40300    3.18900    4.04700   3.097902   2.414793 nan        0
   905     59 TRP    CD2       3.47700    3.25000    4.14300   5.753247   3.001499 0.521705   1
   906     59 TRP    C         3.70800    2.84000    4.14500   5.063936   2.893553 0.571404   1
   907     59 TRP    O         3.81700    2.79500    4.19500   6.697303   3.231884 0.482565   1
   908     60 LYS    N         3.65600    2.78500    4.03800   5.323676   3.181909 0.597690   1
   910     60 LYS    CA        3.71300    2.67800    3.94900   7.415584   4.465267 0.602146   1
   912     60 LYS    CB        3.65500    2.54200    3.99300  11.296703   7.166417 0.634381   1
   915     60 LYS    CG        3.50300    2.53500    3.97900  12.328671   7.742629 0.628018   1
   918     60 LYS    CD        3.45300    2.40800    4.05500  16.696304  10.768616 0.644970   1
   921     60 LYS    CE        3.42300    2.45000    4.20000  16.543457  10.600700 0.640779   1
   924     60 LYS    NZ        3.35500    2.34400    4.25900  21.474525  12.387306 0.576837   1
   928     60 LYS    C         3.67600    2.71400    3.80000   5.417582   3.891054 0.718227   1
   929     60 LYS    O         3.60000    2.81000    3.78000   3.365634   2.631184 nan        0
   930     61 GLU    N         3.72300    2.63900    3.70200   7.787213   6.013993 0.772291   1
   932     61 GLU    CA        3.70300    2.66100    3.55800   7.981019   5.796102 0.726236   1
   934     61 GLU    CB        3.78200    2.56400    3.46900  12.216783   9.520740 0.779316   1
   937     61 GLU    CG        3.93400    2.59500    3.45500  13.768232   9.982009 0.725003   1
   940     61 GLU    CD        4.01900    2.46500    3.47000  19.457542  13.605197 0.699225   1
   941     61 GLU    OE1       4.05300    2.40300    3.37000  22.558442  14.695652 0.651448   1
   942     61 GLU    OE2       4.06600    2.44200    3.58000  18.257742  13.233883 0.724837   1
   943     61 GLU    C         3.55600    2.66000    3.52900   7.349650   5.902549 0.803106   1
   944     61 GLU    O         3.50900    2.76000    3.47600   5.425574   4.404298 0.811766   1
   945     62 GLU    N         3.48000    2.56000    3.57700  10.063936   8.455272 0.840156   1
   947     62 GLU    CA        3.34100    2.55000    3.56300  11.087912  10.604198 0.956375   1
   949     62 GLU    CB        3.27900    2.43100    3.62900  16.101898  13.450275 0.835322   1
   952     62 GLU    CG        3.30500    2.29500    3.56100  19.469530  15.354323 0.788633   1
   955     62 GLU    CD        3.24700    2.28500    3.42000  23.000999  17.639180 0.766888   1
   956     62 GLU    OE1       3.30600    2.22600    3.32700  22.836164  16.966517 0.742967   1
   957     62 GLU    OE2       3.12800    2.32600    3.39400  23.280719  17.252374 0.741058   1
   958     62 GLU    C         3.26600    2.67400    3.61800   7.675325   7.431284 0.968205   1
   959     62 GLU    O         3.18400    2.74200    3.55100   7.609391   7.470265 0.981717   1
   960     63 THR    N         3.28600    2.71900    3.74100   5.746254   5.358821 0.932576   1
   962     63 THR    CA        3.21400    2.82800    3.80000   4.114885   4.266867 1.036935   1
   964     63 THR    CB        3.22900    2.82900    3.94900   4.638362   4.598701 0.991449   1
   966     63 THR    CG2       3.17600    2.69800    4.01600   6.971029   7.342829 1.053335   1
   970     63 THR    OG1       3.36400    2.84500    3.98500   3.758242   3.241379 nan        0
   972     63 THR    C         3.25300    2.96500    3.73900   1.568432   1.940030 nan        0
   973     63 THR    O         3.15800    3.04200    3.71300   1.215784   1.848576 nan        0
   974     64 LEU    N         3.37800    2.99300    3.70300   1.254745   1.346827 nan        0
   976     64 LEU    CA        3.40700    3.10200    3.60800   0.936064   0.186407 nan        0
   978     64 LEU    CB        3.56000    3.13000    3.57800   1.106893   0.911044 nan        0
   981     64 LEU    CG        3.64500    3.17200    3.70100   1.323676   1.222389 nan        0
   983     64 LEU    CD1       3.79600    3.19000    3.66800   1.252747   1.098451 nan        0
   987     64 LEU    CD2       3.58600    3.29900    3.76400   1.871129   1.439780 nan        0
   991     64 LEU    C         3.33600    3.08200    3.47200   0.105894   1.073463 nan        0
   992     64 LEU    O         3.28900    3.18600    3.42300   0.011988   0.402799 nan        0
   993     65 MET    N         3.32400    2.96300    3.41200   2.117882   3.149925 nan        0
   995     65 MET    CA        3.26300    2.94100    3.27500   4.577423   4.901549 1.070810   1
   997     65 MET    CB        3.28500    2.80100    3.21600   7.917083   7.409295 0.935862   1
  1000     65 MET    CG        3.42000    2.76000    3.16100   8.005994   7.035982 0.878839   1
  1003     65 MET    SD        3.46800    2.84300    3.00400   6.415584   5.198401 0.810277   1
  1004     65 MET    CE        3.37400    2.72200    2.90100   9.403596   8.499250 0.903830   1
  1008     65 MET    C         3.12200    2.98500    3.27600   5.149850   6.002499 1.165568   1
  1009     65 MET    O         3.07500    3.05100    3.18000   4.986014   6.069465 1.217298   1
  1010     66 GLU    N         3.05000    2.96900    3.38900   6.242757   6.963018 1.115376   1
  1012     66 GLU    CA        2.91000    3.00700    3.40500   8.690310   9.368316 1.078019   1
  1014     66 GLU    CB        2.84800    2.91100    3.50600  13.619381  13.004498 0.954852   1
  1017     66 GLU    CG        2.69800    2.89800    3.48500  16.723277  15.843078 0.947367   1
  1020     66 GLU    CD        2.62600    2.78500    3.56400  21.977023  18.921039 0.860946   1
  1021     66 GLU    OE1       2.65200    2.66800    3.53600  23.006993  18.727136 0.813976   1
  1022     66 GLU    OE2       2.55400    2.82200    3.65700  21.166833  18.080960 0.854212   1
  1023     66 GLU    C         2.88900    3.15700    3.44000   6.401598   6.801099 1.062406   1
  1024     66 GLU    O         2.81600    3.23200    3.38100   5.965035   5.887556 0.987011   1
  1025     67 TYR    N         2.96800    3.21000    3.53500   2.019980   3.376812 nan        0
  1027     67 TYR    CA        2.97700    3.35000    3.57400   1.086913   1.492254 nan        0
  1029     67 TYR    CB        3.08000    3.35700    3.68700   0.661339   0.806097 nan        0
  1032     67 TYR    CG        3.13200    3.49200    3.73100   1.385614   0.453773 nan        0
  1033     67 TYR    CD1       3.26600    3.53100    3.71600   2.966034   0.577711 nan        0
  1035     67 TYR    CE1       3.31200    3.65800    3.76600   4.868132   3.616692 0.742932   1
  1037     67 TYR    CZ        3.22600    3.73700    3.84800   5.489510   4.572214 0.832900   1
  1038     67 TYR    OH        3.27500    3.85200    3.90500   6.761239   5.413793 0.800710   1
  1040     67 TYR    CE2       3.08800    3.69800    3.85400   4.735265   2.759620 0.582781   1
  1042     67 TYR    CD2       3.04200    3.58000    3.79600   2.131868   1.097451 nan        0
  1044     67 TYR    C         3.01700    3.43800    3.46000   0.979021   1.070965 nan        0
  1045     67 TYR    O         2.95800    3.53600    3.43200   1.007992   1.205897 nan        0
  1046     68 LEU    N         3.11700    3.39900    3.38200   0.487512   0.935032 nan        0
  1048     68 LEU    CA        3.16000    3.48300    3.26800   0.000999   0.211394 nan        0
  1050     68 LEU    CB        3.30300    3.44400    3.22700   0.000000   0.000000 nan        0
  1053     68 LEU    CG        3.42200    3.46200    3.32500   0.009990   0.000000 nan        0
  1055     68 LEU    CD1       3.54000    3.38400    3.27200   0.000000   0.000000 nan        0
  1059     68 LEU    CD2       3.45900    3.61200    3.35200   0.406593   0.005497 nan        0
  1063     68 LEU    C         3.06500    3.47800    3.14500   0.606394   0.754623 nan        0
  1064     68 LEU    O         3.08100    3.56700    3.05700   1.161838   0.194403 nan        0
  1065     69 GLU    N         2.97800    3.37800    3.13400   2.136863   2.837581 nan        0
  1067     69 GLU    CA        2.86400    3.38500    3.04700   5.703297   4.883558 0.856269   1
  1069     69 GLU    CB        2.79400    3.25300    3.05900  10.569431   7.552224 0.714535   1
  1072     69 GLU    CG        2.69400    3.24600    2.93700  14.146853   8.575212 0.606157   1
  1075     69 GLU    CD        2.63500    3.10200    2.92800  19.060939  11.402299 0.598202   1
  1076     69 GLU    OE1       2.51900    3.07800    2.96500  21.596404  12.177911 0.563886   1
  1077     69 GLU    OE2       2.70000    3.00700    2.87100  18.071928  10.921539 0.604337   1
  1078     69 GLU    C         2.77700    3.50700    3.08200   7.534466   3.275862 0.434784   1
  1079     69 GLU    O         2.75800    3.58600    2.98900   9.845155   2.972014 0.301876   1
  1080     70 ASN    N         2.73700    3.52200    3.20800   6.865135   4.212394 0.613592   1
  1082     70 ASN    CA        2.64000    3.62300    3.24500   7.971029   4.345327 0.545140   1
  1084     70 ASN    CB        2.49800    3.58000    3.20900  12.538462   5.631684 0.449153   1
  1087     70 ASN    CG        2.39100    3.68500    3.22400  15.162837   5.444778 0.359087   1
  1088     70 ASN    OD1       2.39500    3.76600    3.31500  13.109890   5.282359 0.402929   1
  1089     70 ASN    ND2       2.28600    3.69000    3.13800  18.998002   5.611194 0.295357   1
  1092     70 ASN    C         2.66300    3.65500    3.39800   4.611389   4.036482 0.875329   1
  1093     70 ASN    O         2.60600    3.58400    3.47900   4.719281   4.654673 0.986310   1
  1094     71 PRO    N         2.73900    3.76100    3.43600   2.509491   2.457771 nan        0
  1095     71 PRO    CD        2.85300    3.81600    3.35600   2.148851   1.715142 nan        0
  1098     71 PRO    CG        2.95200    3.86400    3.45600   1.000999   1.118941 nan        0
  1101     71 PRO    CB        2.87200    3.90000    3.58300   1.929071   1.181909 nan        0
  1104     71 PRO    CA        2.76600    3.78600    3.57900   1.639361   1.808096 nan        0
  1106     71 PRO    C         2.63800    3.82100    3.66000   1.666334   1.742129 nan        0
  1107     71 PRO    O         2.61500    3.76900    3.77000   1.775225   1.722139 nan        0
  1108     72 LYS    N         2.54000    3.89100    3.59700   5.007992   2.535732 0.506337   1
  1110     72 LYS    CA        2.41600    3.93200    3.65800   8.338661   2.793103 0.334958   1
  1112     72 LYS    CB        2.34500    4.04500    3.58000  12.996004   4.103948 0.315785   1
  1115     72 LYS    CG        2.37400    4.18900    3.62200  15.108891   5.504748 0.364338   1
  1118     72 LYS    CD        2.51700    4.22900    3.63100  11.011988   4.906547 0.445564   1
  1121     72 LYS    CE        2.54500    4.32900    3.52100  11.489510   6.025487 0.524434   1
  1124     72 LYS    NZ        2.52100    4.27100    3.38100  11.063936   6.485757 0.586207   1
  1128     72 LYS    C         2.31800    3.81800    3.68200   8.000999   2.973513 0.371643   1
  1129     72 LYS    O         2.25700    3.80300    3.78700   7.790210   2.264368 0.290668   1
  1130     73 LYS    N         2.30000    3.72700    3.58400   9.192807   4.880060 0.530856   1
  1132     73 LYS    CA        2.22900    3.60500    3.61400  12.190809   7.140930 0.585763   1
  1134     73 LYS    CB        2.21200    3.52200    3.48700  15.786214   8.431784 0.534123   1
  1137     73 LYS    CG        2.11000    3.40800    3.47800  20.201798  11.699650 0.579139   1
  1140     73 LYS    CD        1.96800    3.45900    3.51100  21.924076  10.667666 0.486573   1
  1143     73 LYS    CE        1.87100    3.34200    3.48500  24.239760  11.904048 0.491096   1
  1146     73 LYS    NZ        1.74500    3.37000    3.56100  25.812188  11.592704 0.449117   1
  1150     73 LYS    C         2.29300    3.51900    3.72300  11.116883   6.849075 0.616097   1
  1151     73 LYS    O         2.21700    3.45900    3.79600  13.455544   7.705647 0.572674   1
  1152     74 TYR    N         2.42700    3.51300    3.73500   7.202797   5.648176 0.784164   1
  1154     74 TYR    CA        2.49500    3.41700    3.81900   6.791209   6.287356 0.925808   1
  1156     74 TYR    CB        2.63700    3.39500    3.77200   4.810190   5.380810 1.118627   1
  1159     74 TYR    CG        2.70900    3.27700    3.84100   5.494505   5.873063 1.068898   1
  1160     74 TYR    CD1       2.66800    3.15100    3.80000   8.362637   8.877561 1.061574   1
  1162     74 TYR    CE1       2.74100    3.04300    3.85100   8.803197   9.561719 1.086164   1
  1164     74 TYR    CZ        2.83500    3.06300    3.95800   6.048951   6.308846 1.042965   1
  1165     74 TYR    OH        2.89400    2.94600    4.01200   7.886114   6.771114 0.858612   1
  1167     74 TYR    CE2       2.87600    3.19300    3.99600   2.778222   3.947526 nan        0
  1169     74 TYR    CD2       2.81200    3.30100    3.93600   3.133866   4.357821 nan        0
  1171     74 TYR    C         2.49500    3.47500    3.96500   5.989011   5.454273 0.910713   1
  1172     74 TYR    O         2.45700    3.40900    4.06200   7.874126   6.469265 0.821585   1
  1173     75 ILE    N         2.52800    3.60000    3.98300   3.102897   2.991504 nan        0
  1175     75 ILE    CA        2.51600    3.67500    4.10700   3.036963   1.387306 nan        0
  1177     75 ILE    CB        2.66600    3.71100    4.15500   2.416583   0.658671 nan        0
  1179     75 ILE    CG2       2.65200    3.76200    4.30300   3.287712   0.370815 nan        0
  1183     75 ILE    CG1       2.76500    3.59200    4.14400   2.193806   0.754123 nan        0
  1186     75 ILE    CD        2.90400    3.59500    4.21000   3.176823   1.855572 nan        0
  1190     75 ILE    C         2.42300    3.79100    4.09300   4.877123   0.995502 0.204117   1
  1191     75 ILE    O         2.46900    3.90200    4.06300   3.465534   0.437281 nan        0
  1192     76 PRO    N         2.29100    3.77100    4.10300  10.126873   1.721139 0.169958   1
  1193     76 PRO    CD        2.23300    3.63600    4.11700  12.605395   3.564218 0.282753   1
  1196     76 PRO    CG        2.08600    3.65200    4.11000  17.093906   4.077461 0.238533   1
  1199     76 PRO    CB        2.05700    3.80300    4.13200  17.769231   2.693653 0.151591   1
  1202     76 PRO    CA        2.19000    3.87600    4.10400  13.230769   1.422789 0.107536   1
  1204     76 PRO    C         2.22500    3.98000    4.21500  13.250749   0.637681 0.048124   1
  1205     76 PRO    O         2.22900    3.94900    4.33400  14.484515   0.522739 0.036089   1
  1206     77 GLY    N         2.26000    4.10500    4.17700  13.342657   0.728136 0.054572   1
  1208     77 GLY    CA        2.30000    4.20800    4.27300  14.163836   0.834083 0.058888   1
  1211     77 GLY    C         2.45400    4.22300    4.29400  11.274725   0.874563 0.077568   1
  1212     77 GLY    O         2.50600    4.28800    4.38300  12.103896   1.538231 0.127086   1
  1213     78 THR    N         2.52900    4.15900    4.20400   7.818182   0.785107 0.100421   1
  1215     78 THR    CA        2.67100    4.21000    4.17500   6.235764   2.754123 0.441666   1
  1217     78 THR    CB        2.75200    4.12100    4.08700   4.774226   2.548226 0.533746   1
  1219     78 THR    CG2       2.70300    4.09000    3.94600   3.650350   1.862069 nan        0
  1223     78 THR    OG1       2.87900    4.18000    4.07000   6.218781   4.684658 0.753308   1
  1225     78 THR    C         2.67500    4.35600    4.12600   8.137862   2.679660 0.329283   1
  1226     78 THR    O         2.59600    4.39200    4.04200   8.558442   1.125437 0.131500   1
  1227     79 LYS    N         2.77300    4.43700    4.17300  10.156843   3.751624 0.369369   1
  1229     79 LYS    CA        2.79800    4.57300    4.13600  12.458541   4.482759 0.359814   1
  1231     79 LYS    CB        2.84000    4.65700    4.25800  15.365634   5.263868 0.342574   1
  1234     79 LYS    CG        2.97400    4.62900    4.32900  13.380619   6.940030 0.518663   1
  1237     79 LYS    CD        3.01100    4.75600    4.40600  16.172827   8.481759 0.524445   1
  1240     79 LYS    CE        3.13400    4.72300    4.49200  14.649351   8.971014 0.612383   1
  1243     79 LYS    NZ        3.17400    4.84100    4.56700  16.947053  10.764118 0.635162   1
  1247     79 LYS    C         2.89200    4.57600    4.01200  12.691309   6.777111 0.533996   1
  1248     79 LYS    O         2.93800    4.68600    3.97600  13.601399   6.507246 0.478425   1
  1249     80 MET    N         2.91000    4.46300    3.94700  11.187812   7.440780 0.665079   1
  1251     80 MET    CA        2.99700    4.45100    3.83300  10.567433   8.180410 0.774115   1
  1253     80 MET    CB        3.05300    4.31300    3.82500  10.052947   7.745627 0.770483   1
  1256     80 MET    CG        3.12900    4.27700    3.69600  10.365634   7.381309 0.712094   1
  1259     80 MET    SD        3.21700    4.11900    3.68400   9.129870   5.557721 0.608740   1
  1260     80 MET    CE        3.35200    4.15800    3.57300   6.908092   5.189905 0.751279   1
  1264     80 MET    C         2.91300    4.48300    3.71100   9.185814   4.507746 0.490729   1
  1265     80 MET    O         2.82700    4.39800    3.68100   6.181818   3.238881 0.523937   1
  1266     81 ILE    N         2.94100    4.59300    3.64200  11.196803   5.102449 0.455706   1
  1268     81 ILE    CA        2.86000    4.63800    3.52500  13.784216   4.762119 0.345476   1
  1270     81 ILE    CB        2.83800    4.79800    3.52900  19.206793   4.974013 0.258972   1
  1272     81 ILE    CG2       2.71600    4.82900    3.43500  20.564436   4.907046 0.238618   1
  1276     81 ILE    CG1       2.82100    4.85100    3.67300  18.993007   4.413293 0.232364   1
  1279     81 ILE    CD        2.70200    4.78200    3.76000  16.135864   2.929035 0.181523   1
  1283     81 ILE    C         2.91900    4.58000    3.39300  13.793207   5.319840 0.385686   1
  1284     81 ILE    O         2.98800    4.64600    3.31600  17.093906   5.305347 0.310365   1
  1285     82 PHE    N         2.89200    4.45000    3.36900  11.310689   5.191404 0.458982   1
  1287     82 PHE    CA        2.95900    4.37800    3.25900  11.188811   4.634183 0.414180   1
  1289     82 PHE    CB        3.08600    4.30400    3.31600   9.647353   4.409295 0.457047   1
  1292     82 PHE    CG        3.16200    4.24800    3.19600   8.473526   2.897551 0.341953   1
  1293     82 PHE    CD1       3.17100    4.11200    3.19500   4.414585   2.015992 0.456666   1
  1295     82 PHE    CE1       3.21000    4.05400    3.06900   4.535465   1.727636 0.380917   1
  1297     82 PHE    CZ        3.27000    4.13600    2.96900   7.539461   2.165917 0.287277   1
  1299     82 PHE    CE2       3.27500    4.27400    2.98100  11.550450   2.752624 0.238313   1
  1301     82 PHE    CD2       3.21800    4.33400    3.09800  11.824176   3.658671 0.309423   1
  1303     82 PHE    C         2.87000    4.27600    3.19500   9.024975   4.024988 0.445983   1
  1304     82 PHE    O         2.80100    4.20800    3.27100   7.411588   4.321339 0.583052   1
  1305     83 ALA    N         2.86800    4.26800    3.06300  12.721279   4.337831 0.340990   1
  1307     83 ALA    CA        2.76800    4.19600    2.98900  15.246753   4.810595 0.315516   1
  1309     83 ALA    CB        2.77300    4.22500    2.83800  20.063936   5.998001 0.298944   1
  1313     83 ALA    C         2.77700    4.04100    3.01000  12.097902   2.884558 0.238435   1
  1314     83 ALA    O         2.67700    3.97800    3.04400  10.347652   2.946527 0.284753   1
  1315     84 GLY    N         2.90700    3.99400    3.00100   9.523477   2.769115 0.290767   1
  1317     84 GLY    CA        2.94000    3.85900    2.97700   7.115884   2.584708 0.363231   1
  1320     84 GLY    C         3.03100    3.84400    2.85700   8.078921   2.927036 0.362305   1
  1321     84 GLY    O         3.06500    3.94200    2.79300  10.671329   3.578711 0.335358   1
  1322     85 ILE    N         3.06100    3.72000    2.82200   6.911089   2.830585 0.409571   1
  1324     85 ILE    CA        3.12900    3.66700    2.70100   6.735265   2.993503 0.444452   1
  1326     85 ILE    CB        3.27200    3.62300    2.73300   4.004995   2.620190 0.654231   1
  1328     85 ILE    CG2       3.34700    3.55000    2.62100   4.343656   3.000000 0.690662   1
  1332     85 ILE    CG1       3.34700    3.75400    2.77700   3.553447   2.799100 nan        0
  1335     85 ILE    CD        3.50400    3.74800    2.80100   1.282717   2.211894 nan        0
  1339     85 ILE    C         3.04300    3.55500    2.64800   7.084915   3.160420 0.446077   1
  1340     85 ILE    O         3.01700    3.45500    2.71200   5.950050   2.562219 0.430621   1
  1341     86 LYS    N         2.98700    3.57600    2.52700  10.771229   4.482759 0.416179   1
  1343     86 LYS    CA        2.90300    3.46700    2.47100  12.761239   5.150425 0.403599   1
  1345     86 LYS    CB        2.80200    3.52500    2.36600  17.098901   6.585207 0.385125   1
  1348     86 LYS    CG        2.87500    3.56500    2.24000  18.972028   8.956022 0.472065   1
  1351     86 LYS    CD        2.78600    3.64300    2.14100  22.005994  11.128436 0.505700   1
  1354     86 LYS    CE        2.77500    3.79700    2.14600  24.075924  11.639680 0.483457   1
  1357     86 LYS    NZ        2.89400    3.86400    2.07800  24.305694  13.969515 0.574742   1
  1361     86 LYS    C         2.97200    3.33400    2.42800  11.899101   6.302349 0.529649   1
  1362     86 LYS    O         2.92500    3.22400    2.46400  12.258741   6.842579 0.558180   1
  1363     87 LYS    N         3.07300    3.35000    2.35100   9.967033   6.778111 0.680053   1
  1365     87 LYS    CA        3.15300    3.23400    2.30000   9.242757   6.910045 0.747617   1
  1367     87 LYS    CB        3.26800    3.28400    2.21400  11.960040   8.192904 0.685023   1
  1370     87 LYS    CG        3.23400    3.36800    2.09000  17.027972  10.806097 0.634609   1
  1373     87 LYS    CD        3.16500    3.27600    1.99000  19.281718  12.072964 0.626135   1
  1376     87 LYS    CE        3.14000    3.34900    1.85600  22.957043  13.165917 0.573502   1
  1379     87 LYS    NZ        3.04100    3.45800    1.86700  23.248751  13.657171 0.587437   1
  1383     87 LYS    C         3.21800    3.15300    2.41400   6.363636   5.615692 0.882466   1
  1384     87 LYS    O         3.29000    3.20500    2.49200   3.510490   3.742629 nan        0
  1385     88 LYS    N         3.20100    3.02400    2.40300   9.086913   5.532734 0.608868   1
  1387     88 LYS    CA        3.26000    2.92400    2.49100   7.876124   5.526737 0.701708   1
  1389     88 LYS    CB        3.21500    2.78800    2.44400  13.048951   7.777111 0.595995   1
  1392     88 LYS    CG        3.24700    2.68600    2.55700  15.389610   9.814593 0.637741   1
  1395     88 LYS    CD        3.20000    2.54600    2.51100  19.793207  11.148926 0.563270   1
  1398     88 LYS    CE        3.27000    2.44000    2.60600  20.473526  12.331334 0.602306   1
  1401     88 LYS    NZ        3.25100    2.29800    2.56600  24.041958  12.510245 0.520350   1
  1405     88 LYS    C         3.41600    2.93500    2.49500   5.961039   4.095952 0.687120   1
  1406     88 LYS    O         3.47400    2.92400    2.59800   3.365634   3.832584 nan        0
  1407     89 THR    N         3.47300    2.94700    2.37400   9.386613   5.502749 0.586234   1
  1409     89 THR    CA        3.62000    2.95200    2.34700  11.632368   7.299850 0.627546   1
  1411     89 THR    CB        3.64600    2.94600    2.19000  16.958042   9.180410 0.541360   1
  1413     89 THR    CG2       3.61100    2.79900    2.13700  19.310689   9.409795 0.487284   1
  1417     89 THR    OG1       3.57100    3.03500    2.12200  17.302697   7.951024 0.459525   1
  1419     89 THR    C         3.70100    3.07000    2.39700   7.448551   6.171914 0.828606   1
  1420     89 THR    O         3.81500    3.06100    2.44700   7.019980   6.941529 0.988825   1
  1421     90 GLU    N         3.62700    3.18000    2.39800   6.106893   4.742629 0.776603   1
  1423     90 GLU    CA        3.67500    3.30400    2.45600   4.689311   4.413793 0.941246   1
  1425     90 GLU    CB        3.59300    3.43500    2.42200   7.435564   5.890555 0.792214   1
  1428     90 GLU    CG        3.62900    3.49900    2.28500  11.169830   8.125937 0.727490   1
  1431     90 GLU    CD        3.54700    3.62600    2.25800  15.100899   9.465267 0.626802   1
  1432     90 GLU    OE1       3.57800    3.73600    2.30800  13.477522  10.585707 0.785434   1
  1433     90 GLU    OE2       3.45200    3.61600    2.18300  16.075924   9.383308 0.583687   1
  1434     90 GLU    C         3.67400    3.29700    2.61000   1.280719   1.646177 nan        0
  1435     90 GLU    O         3.76600    3.34700    2.67700   1.033966   1.095452 nan        0
  1436     91 ARG    N         3.57500    3.23000    2.67200   0.201798   0.538731 nan        0
  1438     91 ARG    CA        3.58100    3.20600    2.81300   0.039960   0.004498 nan        0
  1440     91 ARG    CB        3.44100    3.16500    2.87700   0.035964   0.188406 nan        0
  1443     91 ARG    CG        3.34400    3.28100    2.87200   0.000000   0.156422 nan        0
  1446     91 ARG    CD        3.20300    3.25000    2.93100   0.945055   1.745127 nan        0
  1449     91 ARG    NE        3.11700    3.19100    2.82800   3.250749   3.069465 nan        0
  1451     91 ARG    CZ        3.06000    3.07500    2.81900   6.563437   5.202399 0.792633   1
  1452     91 ARG    NH1       3.07200    2.98300    2.90900   7.249750   6.446277 0.889172   1
  1455     91 ARG    NH2       2.98600    3.04700    2.71400   9.924076   6.549725 0.659983   1
  1458     91 ARG    C         3.69600    3.11600    2.85800   1.270729   0.534233 nan        0
  1459     91 ARG    O         3.76500    3.14600    2.95700   1.600400   0.664668 nan        0
  1460     92 GLU    N         3.70900    2.99900    2.78900   3.213786   2.557221 nan        0
  1462     92 GLU    CA        3.81700    2.90500    2.80400   6.549451   5.289855 0.807679   1
  1464     92 GLU    CB        3.82300    2.79500    2.69900  10.511489   8.570715 0.815366   1
  1467     92 GLU    CG        3.70300    2.69800    2.69600  12.074925   9.922039 0.821706   1
  1470     92 GLU    CD        3.68200    2.60900    2.56600  15.493506  11.130935 0.718426   1
  1471     92 GLU    OE1       3.57800    2.54300    2.56300  17.820180  11.542729 0.647734   1
  1472     92 GLU    OE2       3.76100    2.61600    2.46700  15.642358  11.169415 0.714049   1
  1473     92 GLU    C         3.95000    2.98400    2.80900   5.444555   4.021989 0.738718   1
  1474     92 GLU    O         4.02700    2.98000    2.90500   6.636364   4.236882 0.638434   1
  1475     93 ASP    N         3.98400    3.04600    2.69700   5.006993   5.308846 1.060286   1
  1477     93 ASP    CA        4.11500    3.10100    2.67800   4.369630   5.539730 1.267780   1
  1479     93 ASP    CB        4.11200    3.17200    2.53800   4.434565   5.127436 1.156243   1
  1482     93 ASP    CG        4.11100    3.08000    2.42000   8.781219   7.952024 0.905572   1
  1483     93 ASP    OD1       4.12900    2.95900    2.42900  10.996004  10.144428 0.922556   1
  1484     93 ASP    OD2       4.09600    3.13900    2.30500  10.553447   8.148926 0.772158   1
  1485     93 ASP    C         4.14900    3.20600    2.78900   1.076923   1.999000 nan        0
  1486     93 ASP    O         4.25600    3.21700    2.84400   0.756244   0.758621 nan        0
  1487     94 LEU    N         4.04600    3.28900    2.82400   0.145854   0.716642 nan        0
  1489     94 LEU    CA        4.04900    3.38800    2.93500   0.000000   0.001999 nan        0
  1491     94 LEU    CB        3.92300    3.47400    2.93600   0.000000   0.000000 nan        0
  1494     94 LEU    CG        3.90200    3.57600    3.05000   0.000000   0.000000 nan        0
  1496     94 LEU    CD1       4.01300    3.68200    3.04900   0.000000   0.000000 nan        0
  1500     94 LEU    CD2       3.77000    3.64600    3.02500   0.014985   0.000000 nan        0
  1504     94 LEU    C         4.08000    3.31800    3.06900   0.218781   0.351324 nan        0
  1505     94 LEU    O         4.16600    3.36400    3.14500   0.000000   0.097951 nan        0
  1506     95 ILE    N         4.01200    3.20800    3.10700   1.304695   0.785107 nan        0
  1508     95 ILE    CA        4.03000    3.13400    3.22500   2.253746   1.206897 nan        0
  1510     95 ILE    CB        3.91800    3.03300    3.24100   2.907093   1.662169 nan        0
  1512     95 ILE    CG2       3.92700    2.91200    3.34200   3.902098   2.492254 nan        0
  1516     95 ILE    CG1       3.78700    3.10400    3.27400   1.522478   0.738131 nan        0
  1519     95 ILE    CD        3.66200    3.01900    3.24500   2.029970   0.964018 nan        0
  1523     95 ILE    C         4.16600    3.07000    3.23400   3.995005   1.678161 nan        0
  1524     95 ILE    O         4.21800    3.07600    3.34500   3.676324   1.415792 nan        0
  1525     96 ALA    N         4.22500    3.02900    3.11800   5.090909   2.207396 0.433596   1
  1527     96 ALA    CA        4.36900    2.99800    3.10400   6.513487   2.556222 0.392451   1
  1529     96 ALA    CB        4.39100    2.93700    2.96600   8.569431   4.152424 0.484562   1
  1533     96 ALA    C         4.47400    3.11000    3.13700   5.302697   1.161419 0.219024   1
  1534     96 ALA    O         4.57000    3.09200    3.21600   5.492507   0.860070 0.156590   1
  1535     97 TYR    N         4.44600    3.23100    3.08600   1.769231   0.466767 nan        0
  1537     97 TYR    CA        4.52200    3.34900    3.13600   1.044955   0.001499 nan        0
  1539     97 TYR    CB        4.49100    3.48000    3.06600   0.199800   0.003498 nan        0
  1542     97 TYR    CG        4.56900    3.59800    3.10200   1.275724   0.034483 nan        0
  1543     97 TYR    CD1       4.70900    3.60100    3.08700   3.838162   1.037981 nan        0
  1545     97 TYR    CE1       4.79300    3.70000    3.13900   6.533467   2.979510 0.456038   1
  1547     97 TYR    CZ        4.72700    3.81000    3.19600   7.098901   3.125437 0.440271   1
  1548     97 TYR    OH        4.79600    3.91300    3.24300  10.895105   5.614693 0.515341   1
  1550     97 TYR    CE2       4.59000    3.81700    3.20300   3.220779   1.527236 nan        0
  1552     97 TYR    CD2       4.50500    3.70800    3.16000   1.355644   0.221889 nan        0
  1554     97 TYR    C         4.49800    3.36800    3.28900   0.863137   0.001999 nan        0
  1555     97 TYR    O         4.59400    3.38600    3.36200   1.267732   0.005497 nan        0
  1556     98 LEU    N         4.37500    3.35800    3.33900   0.194805   0.002999 nan        0
  1558     98 LEU    CA        4.33800    3.40200    3.47300   0.001998   0.000000 nan        0
  1560     98 LEU    CB        4.18700    3.40800    3.49400   0.002997   0.007996 nan        0
  1563     98 LEU    CG        4.11600    3.53600    3.45100   0.000000   0.000000 nan        0
  1565     98 LEU    CD1       3.96700    3.50400    3.44500   0.003996   0.002499 nan        0
  1569     98 LEU    CD2       4.14000    3.64200    3.55800   0.002997   0.013993 nan        0
  1573     98 LEU    C         4.40000    3.30900    3.57400   0.984016   0.006997 nan        0
  1574     98 LEU    O         4.46700    3.35200    3.66700   1.447552   0.142429 nan        0
  1575     99 LYS    N         4.39400    3.17800    3.54500   2.515485   0.086957 nan        0
  1577     99 LYS    CA        4.45400    3.05700    3.62100   6.105894   0.325837 0.053364   1
  1579     99 LYS    CB        4.40900    2.92000    3.56100   8.186813   2.049975 0.250400   1
  1582     99 LYS    CG        4.43100    2.79900    3.64700  12.957043   3.900550 0.301037   1
  1585     99 LYS    CD        4.38600    2.66000    3.58500  16.810190   7.285857 0.433419   1
  1588     99 LYS    CE        4.39800    2.54700    3.68200  20.992008   8.854573 0.421807   1
  1591     99 LYS    NZ        4.36000    2.42000    3.61100  22.289710  11.721639 0.525877   1
  1595     99 LYS    C         4.60700    3.06300    3.63800   8.430569   0.608196 0.072142   1
  1596     99 LYS    O         4.66200    3.01500    3.73500  10.344655   1.435282 0.138746   1
  1597    100 LYS    N         4.67200    3.11000    3.53300   6.976024   0.822589 0.117917   1
  1599    100 LYS    CA        4.82000    3.12300    3.51900   8.977023   1.825587 0.203362   1
  1601    100 LYS    CB        4.85500    3.14200    3.37400  10.779221   1.556222 0.144372   1
  1604    100 LYS    CG        5.00500    3.16500    3.34000  15.548452   4.000000 0.257260   1
  1607    100 LYS    CD        5.05600    3.30500    3.36400  15.280719   6.327836 0.414106   1
  1610    100 LYS    CE        5.19000    3.32000    3.29100  19.440559   7.892054 0.405958   1
  1613    100 LYS    NZ        5.23300    3.46200    3.30400  20.005994   9.639180 0.481815   1
  1617    100 LYS    C         4.85400    3.24400    3.60500   7.912088   2.969015 0.375251   1
  1618    100 LYS    O         4.93600    3.22700    3.69500   9.214785   4.138931 0.449162   1
  1619    101 ALA    N         4.79100    3.36200    3.58900   5.145854   2.593703 0.504037   1
  1621    101 ALA    CA        4.84600    3.49200    3.64500   7.036963   4.336832 0.616293   1
  1623    101 ALA    CB        4.79900    3.59300    3.54300   7.313686   3.635182 0.497038   1
  1627    101 ALA    C         4.79700    3.52400    3.78300   6.421578   4.279860 0.666481   1
  1628    101 ALA    O         4.87500    3.58500    3.85500   7.864136   5.375812 0.683586   1
  1629    102 THR    N         4.66800    3.49500    3.81800   4.613387   1.912544 0.414564   1
  1631    102 THR    CA        4.61100    3.50500    3.95500   3.803197   1.391804 nan        0
  1633    102 THR    CB        4.45400    3.49600    3.95800   2.929071   0.308846 nan        0
  1635    102 THR    CG2       4.37700    3.58800    3.85900   1.339660   0.247876 nan        0
  1639    102 THR    OG1       4.40400    3.37100    3.91600   2.573427   1.139930 nan        0
  1641    102 THR    C         4.67300    3.39600    4.04900   5.855145   1.951524 0.333301   1
  1642    102 THR    O         4.62600    3.37000    4.16200   6.766234   2.003498 0.296102   1
  1643    103 ASN    N         4.77700    3.32700    4.00000   7.972028   3.009995 0.377570   1
  1645    103 ASN    CA        4.85500    3.21900    4.07000  12.558442   5.154423 0.410435   1
  1647    103 ASN    CB        4.82300    3.09400    3.99100  14.590410   4.287356 0.293848   1
  1650    103 ASN    CG        4.87600    2.96700    4.05800  19.811189   6.328336 0.319432   1
  1651    103 ASN    OD1       4.83500    2.93000    4.16300  21.923077   6.615692 0.301768   1
  1652    103 ASN    ND2       4.96100    2.89500    3.99400  20.660340   6.901049 0.334024   1
  1655    103 ASN    C         5.00600    3.24800    4.08700  14.179820   8.744128 0.616660   1
  1656    103 ASN    O         5.08300    3.16700    4.13300  16.640360  10.250875 0.616025   1
  1657    104 GLU    N         5.04400    3.36300    4.03500  13.302697   9.523738 0.715925   1
  1659    104 GLU    CA        5.19200    3.39800    4.00100  17.364635  13.613193 0.783961   1
  1661    104 GLU    CB        5.26900    3.44100    4.12800  20.205794  16.385307 0.810921   1
  1664    104 GLU    CG        5.21300    3.55400    4.22400  17.299700  15.050975 0.870014   1
  1667    104 GLU    CD        5.32100    3.60200    4.31700  20.196803  16.281859 0.806160   1
  1668    104 GLU    OE1       5.35300    3.52700    4.40700  20.403596  16.778111 0.822311   1
  1669    104 GLU    OE2       5.38900    3.70700    4.29800  21.762238  16.437281 0.755312   1
  1670    104 GLU    C         5.26300    3.29900    3.90800  20.597403  13.580210 0.659317   1
  1671    104 GLU    OC1       5.28200    3.34000    3.79000  20.620380  12.679660 0.614909   1
  1672    104 GLU    OC2       5.30900    3.19000    3.94600  19.889111  13.880060 0.697872   1
