# atom_index_1based resid resname atomname x_nm y_nm z_nm n0 nS eta surface
     1      1 LYS    N         4.32300    1.95500    3.52800  24.193806  14.155922 0.585105   1
     5      1 LYS    CA        4.25500    2.08200    3.55500  22.264735  14.209895 0.638224   1
     7      1 LYS    CB        4.11900    2.07200    3.63000  22.440559  13.565717 0.604518   1
    10      1 LYS    CG        4.00700    2.17400    3.63800  22.889111  13.326337 0.582213   1
    13      1 LYS    CD        3.89800    2.12000    3.73100  24.386613  12.594703 0.516460   1
    16      1 LYS    CE        3.79000    2.21900    3.76700  24.164835  12.520740 0.518139   1
    19      1 LYS    NZ        3.82300    2.31100    3.87100  22.563437  13.130935 0.581956   1
    23      1 LYS    C         4.34800    2.19400    3.61400  20.378621  14.084458 0.691139   1
    24      1 LYS    O         4.42700    2.17200    3.70600  20.053946  13.445777 0.670480   1
    25      2 GLU    N         4.32000    2.30700    3.55900  18.878122  14.490255 0.767569   1
    27      2 GLU    CA        4.36700    2.43400    3.61200  15.984016  12.637681 0.790645   1
    29      2 GLU    CB        4.29400    2.54400    3.53900  15.374625  12.643178 0.822341   1
    32      2 GLU    CG        4.36300    2.68300    3.54800  12.999001  11.724638 0.901965   1
    35      2 GLU    CD        4.31100    2.78700    3.46000  15.176823  12.697151 0.836615   1
    36      2 GLU    OE1       4.19200    2.82500    3.46600  14.688312  12.856572 0.875293   1
    37      2 GLU    OE2       4.39300    2.85100    3.38400  14.570430  12.397301 0.850854   1
    38      2 GLU    C         4.35100    2.44600    3.76700  13.983017  10.349825 0.740171   1
    39      2 GLU    O         4.24000    2.42800    3.81500  13.552448  10.509245 0.775450   1
    40      3 THR    N         4.45700    2.47700    3.84400  14.238761   9.354823 0.656997   1
    42      3 THR    CA        4.44300    2.51200    3.98800  15.011988   7.487256 0.498752   1
    44      3 THR    CB        4.57700    2.51800    4.06400  17.467532   7.531734 0.431185   1
    46      3 THR    CG2       4.69000    2.45000    3.99300  20.100899   7.888056 0.392423   1
    50      3 THR    OG1       4.62400    2.65100    4.07600  15.773227   6.746127 0.427695   1
    52      3 THR    C         4.35600    2.63400    4.01600  12.166833   7.241879 0.595215   1
    53      3 THR    O         4.35200    2.73800    3.94900   9.393606   6.105447 0.649958   1
    54      4 ALA    N         4.28500    2.63200    4.13300  13.757243   9.381809 0.681954   1
    56      4 ALA    CA        4.21400    2.75200    4.18700  12.911089   9.843078 0.762374   1
    58      4 ALA    CB        4.13900    2.71100    4.31400  15.846154  12.109445 0.764188   1
    62      4 ALA    C         4.30400    2.86900    4.20500  10.569431   6.983508 0.660727   1
    63      4 ALA    O         4.26000    2.98000    4.16400   6.713287   5.268366 0.784767   1
    64      5 ALA    N         4.42400    2.85600    4.25700   9.994006   6.756622 0.676067   1
    66      5 ALA    CA        4.52500    2.96400    4.25100  10.155844   5.553723 0.546850   1
    68      5 ALA    CB        4.65200    2.91900    4.32600  12.415584   7.732134 0.622776   1
    72      5 ALA    C         4.56300    3.00300    4.10900   8.154845   4.972514 0.609762   1
    73      5 ALA    O         4.57100    3.12300    4.08600   6.049950   5.248876 0.867590   1
    74      6 ALA    N         4.58000    2.91800    4.00900  10.664336   5.638181 0.528695   1
    76      6 ALA    CA        4.60300    2.95700    3.87200  10.805195   5.934033 0.549183   1
    78      6 ALA    CB        4.67400    2.84000    3.79400  11.915085   7.641679 0.641345   1
    82      6 ALA    C         4.48700    3.02700    3.79800   7.468531   4.589705 0.614539   1
    83      6 ALA    O         4.51000    3.10700    3.70600   6.910090   4.914043 0.711140   1
    84      7 LYS    N         4.37000    2.98700    3.83400   5.535465   4.219390 0.762247   1
    86      7 LYS    CA        4.24000    3.04500    3.78800   5.535465   5.637181 1.018375   1
    88      7 LYS    CB        4.13200    2.94300    3.81900   8.165834   7.953523 0.974000   1
    91      7 LYS    CG        4.01200    2.97900    3.73600  11.823177  11.110945 0.939760   1
    94      7 LYS    CD        3.88200    2.92000    3.79200  16.373626  13.521739 0.825824   1
    97      7 LYS    CE        3.76000    2.95700    3.70800  19.331668  14.683658 0.759565   1
   100      7 LYS    NZ        3.64000    2.91600    3.77100  24.490509  15.050975 0.614564   1
   104      7 LYS    C         4.22000    3.18200    3.84600   3.306693   3.769115 nan        0
   105      7 LYS    O         4.16200    3.26700    3.77900   3.117882   4.506247 nan        0
   106      8 PHE    N         4.26500    3.19900    3.96800   3.901099   2.650675 nan        0
   108      8 PHE    CA        4.26300    3.33500    4.02300   3.826174   3.299350 nan        0
   110      8 PHE    CB        4.27900    3.32900    4.18100   3.885115   3.677161 nan        0
   113      8 PHE    CG        4.30400    3.46600    4.24300   3.589411   3.243378 nan        0
   114      8 PHE    CD1       4.43000    3.53200    4.24100   2.317682   2.722139 nan        0
   116      8 PHE    CE1       4.44100    3.65800    4.30100   1.231768   1.604198 nan        0
   118      8 PHE    CZ        4.32400    3.71900    4.35700   1.109890   2.203898 nan        0
   120      8 PHE    CE2       4.19900    3.65300    4.35900   2.345654   2.964018 nan        0
   122      8 PHE    CD2       4.19200    3.53000    4.30400   3.743257   3.877061 nan        0
   124      8 PHE    C         4.37000    3.42200    3.94900   2.832168   2.343328 nan        0
   125      8 PHE    O         4.33100    3.52900    3.90200   2.198801   1.311844 nan        0
   126      9 GLU    N         4.49100    3.37100    3.93200   4.943057   2.752124 0.556766   1
   128      9 GLU    CA        4.59600    3.44900    3.86700   6.579421   2.976512 0.452397   1
   130      9 GLU    CB        4.72000    3.36000    3.86400  11.294705   6.350825 0.562283   1
   133      9 GLU    CG        4.80100    3.37300    3.99400  10.608392   7.269865 0.685294   1
   136      9 GLU    CD        4.93100    3.28800    3.98800  15.499500   9.781109 0.631060   1
   137      9 GLU    OE1       4.99200    3.28500    3.88100  18.911089  10.556722 0.558229   1
   138      9 GLU    OE2       4.96800    3.22700    4.09100  15.260739   9.441779 0.618697   1
   139      9 GLU    C         4.55700    3.48700    3.72300   6.441558   2.113443 0.328095   1
   140      9 GLU    O         4.58600    3.59700    3.67700   6.715285   1.592704 0.237176   1
   141     10 ARG    N         4.47400    3.40100    3.65700   6.279720   2.173413 0.346100   1
   143     10 ARG    CA        4.41200    3.42700    3.52700   6.417582   2.002999 0.312111   1
   145     10 ARG    CB        4.36500    3.29500    3.45800   8.762238   4.698151 0.536182   1
   148     10 ARG    CG        4.31100    3.32900    3.32200   9.891109   5.302349 0.536072   1
   151     10 ARG    CD        4.29200    3.20200    3.23600  12.235764   7.836082 0.640424   1
   154     10 ARG    NE        4.20300    3.10200    3.30400  12.496503   9.939030 0.795345   1
   156     10 ARG    CZ        4.07600    3.09000    3.29100  11.769231  10.763118 0.914513   1
   157     10 ARG    NH1       4.01000    3.17800    3.22000  10.793207  10.347326 0.958689   1
   160     10 ARG    NH2       4.00800    3.00900    3.36200  12.624376  12.192404 0.965783   1
   163     10 ARG    C         4.29600    3.53000    3.52500   3.669331   0.656672 nan        0
   164     10 ARG    O         4.29400    3.61700    3.44000   3.266733   0.236882 nan        0
   165     11 GLN    N         4.20600    3.52600    3.62300   1.343656   0.518741 nan        0
   167     11 GLN    CA        4.09400    3.61700    3.63400   0.823177   0.932034 nan        0
   169     11 GLN    CB        3.97800    3.54500    3.70800   4.292707   5.175412 1.205629   1
   172     11 GLN    CG        3.91400    3.44200    3.61800   5.317682   5.452774 1.025404   1
   175     11 GLN    CD        3.78600    3.38000    3.66100   9.610390   8.793103 0.914958   1
   176     11 GLN    OE1       3.68600    3.37100    3.58400  10.609391   9.724138 0.916560   1
   177     11 GLN    NE2       3.76400    3.34300    3.78500  12.550450  10.545227 0.840227   1
   180     11 GLN    C         4.13400    3.74900    3.68900   0.431568   0.102449 nan        0
   181     11 GLN    O         4.06700    3.84000    3.64800   0.315684   0.035982 nan        0
   182     12 HIS    N         4.23600    3.76600    3.77000   0.298701   0.078461 nan        0
   184     12 HIS    CA        4.24200    3.89300    3.85500   0.008991   0.031484 nan        0
   186     12 HIS    CB        4.21200    3.85600    4.00400   0.773227   1.329335 nan        0
   189     12 HIS    CG        4.07100    3.80400    4.01500   3.417582   3.763118 nan        0
   190     12 HIS    ND1       3.95500    3.86600    3.98100   4.408591   4.644178 1.053438   1
   192     12 HIS    CE1       3.85500    3.77900    3.98700   6.550450   6.595702 1.006908   1
   194     12 HIS    NE2       3.90300    3.65600    4.02300   7.057942   6.980510 0.989029   1
   195     12 HIS    CD2       4.04100    3.67500    4.03900   4.915085   5.531234 1.125359   1
   197     12 HIS    C         4.37600    3.97300    3.84500   0.318681   0.000000 nan        0
   198     12 HIS    O         4.37100    4.09700    3.86600   0.000000   0.000000 nan        0
   199     13 MET    N         4.48900    3.91000    3.82300   1.914086   0.010495 nan        0
   201     13 MET    CA        4.61700    3.97900    3.81100   3.373626   0.016992 nan        0
   203     13 MET    CB        4.73200    3.88500    3.84700   4.606394   0.106447 0.023108   1
   206     13 MET    CG        4.70900    3.81600    3.98400   3.267732   0.257371 nan        0
   209     13 MET    SD        4.70500    3.92600    4.12600   1.191808   0.070965 nan        0
   210     13 MET    CE        4.86200    4.01200    4.10500   2.760240   0.024988 nan        0
   214     13 MET    C         4.64200    4.03800    3.66700   5.107892   1.247376 0.244206   1
   215     13 MET    O         4.62700    3.97100    3.56500   7.683317   1.766117 0.229864   1
   216     14 ASP    N         4.69800    4.15900    3.66200   4.754246   1.525237 0.320816   1
   218     14 ASP    CA        4.73700    4.22600    3.53200   6.663337   3.677161 0.551850   1
   220     14 ASP    CB        4.61800    4.30100    3.46300   4.922078   3.794603 0.770935   1
   223     14 ASP    CG        4.64700    4.33100    3.30700   7.548452   4.605197 0.610085   1
   224     14 ASP    OD1       4.73600    4.26000    3.25400  10.674326   4.392304 0.411483   1
   225     14 ASP    OD2       4.59000    4.42400    3.24700   6.696304   4.932034 0.736531   1
   226     14 ASP    C         4.86100    4.32000    3.54000   6.862138   3.599700 0.524574   1
   227     14 ASP    O         4.87000    4.43200    3.48000   6.437562   3.618691 0.562121   1
   228     15 SER    N         4.95800    4.27400    3.62000   9.183816   2.515742 0.273932   1
   230     15 SER    CA        5.08400    4.34300    3.65400  11.964036   3.263368 0.272765   1
   232     15 SER    CB        5.18300    4.24400    3.71600  13.294705   2.364818 0.177877   1
   235     15 SER    OG        5.11500    4.15400    3.81000  11.486513   1.033983 0.090017   1
   237     15 SER    C         5.16600    4.40500    3.53300  14.409590   3.940030 0.273431   1
   238     15 SER    O         5.24400    4.49900    3.56800  16.104895   5.141929 0.319277   1
   239     16 SER    N         5.14700    4.37400    3.40300  16.014985   4.244378 0.265025   1
   241     16 SER    CA        5.22800    4.44600    3.29400  18.723277   5.146927 0.274895   1
   243     16 SER    CB        5.23800    4.36100    3.16600  21.190809   4.425787 0.208854   1
   246     16 SER    OG        5.12800    4.28100    3.14000  21.003996   4.186407 0.199315   1
   248     16 SER    C         5.18200    4.59000    3.26200  18.105894   6.055472 0.334448   1
   249     16 SER    O         5.25100    4.66100    3.19400  19.828172   6.948526 0.350437   1
   250     17 THR    N         5.07600    4.63900    3.32800  13.572428   7.028486 0.517850   1
   252     17 THR    CA        5.02000    4.77300    3.33600  12.762238   8.054473 0.631118   1
   254     17 THR    CB        4.88400    4.77700    3.26100  11.406593   6.198901 0.543449   1
   256     17 THR    CG2       4.89700    4.79400    3.11000  13.558442   6.637181 0.489524   1
   260     17 THR    OG1       4.80700    4.66000    3.28200   8.436563   5.953523 0.705681   1
   262     17 THR    C         5.01600    4.83900    3.48000  11.508492   7.437281 0.646243   1
   263     17 THR    O         5.03000    4.77200    3.58300  10.562438   6.338831 0.600130   1
   264     18 SER    N         4.97100    4.96600    3.49100  13.953047   7.342329 0.526217   1
   266     18 SER    CA        4.95900    5.04400    3.61200  15.223776   8.602699 0.565083   1
   268     18 SER    CB        5.04500    5.16400    3.60300  19.586414  10.946527 0.558884   1
   271     18 SER    OG        4.99700    5.25300    3.51100  21.409590   9.862069 0.460638   1
   273     18 SER    C         4.81700    5.08100    3.64100  12.549451   5.867566 0.467556   1
   274     18 SER    O         4.78000    5.11500    3.75300  10.659341   5.820090 0.546008   1
   275     19 ALA    N         4.73300    5.09100    3.53500  10.306693   4.010495 0.389116   1
   277     19 ALA    CA        4.59000    5.13300    3.52800   8.956044   3.790605 0.423245   1
   279     19 ALA    CB        4.59100    5.29000    3.52700  13.489510   6.156422 0.456386   1
   283     19 ALA    C         4.52000    5.07800    3.40300   7.093906   3.113443 0.438890   1
   284     19 ALA    O         4.59500    5.01900    3.32400   6.407592   5.038481 0.786330   1
   285     20 ALA    N         4.39200    5.09700    3.38600   6.418581   2.115942 0.329659   1
   287     20 ALA    CA        4.31900    5.04800    3.27100   5.139860   2.085957 0.405839   1
   289     20 ALA    CB        4.16600    5.06300    3.28400   4.868132   0.373813 0.076788   1
   293     20 ALA    C         4.36600    5.11300    3.14400   9.058941   3.640680 0.401888   1
   294     20 ALA    O         4.39600    5.23200    3.12800  12.174825   3.850575 0.316274   1
   295     21 SER    N         4.36400    5.03400    3.03000  11.048951   3.713643 0.336108   1
   297     21 SER    CA        4.40800    5.08600    2.90000  14.490509   3.913043 0.270042   1
   299     21 SER    CB        4.50400    4.98600    2.83200  15.829171   4.260870 0.269178   1
   302     21 SER    OG        4.61200    4.94800    2.90700  17.737263   4.716142 0.265889   1
   304     21 SER    C         4.28900    5.14000    2.81400  15.153846   3.258371 0.215019   1
   305     21 SER    O         4.23700    5.06800    2.72800  13.287712   1.805597 0.135885   1
   306     22 SER    N         4.24900    5.26400    2.84000  16.389610   4.412294 0.269213   1
   308     22 SER    CA        4.12500    5.32800    2.78500  16.280719   4.852574 0.298056   1
   310     22 SER    CB        4.12900    5.35300    2.63700  17.769231   5.516742 0.310466   1
   313     22 SER    OG        4.10000    5.24300    2.55700  16.150849   4.182409 0.258959   1
   315     22 SER    C         3.99400    5.24500    2.82700  12.646354   4.394303 0.347476   1
   316     22 SER    O         4.00300    5.14400    2.89500   8.738262   2.837581 0.324731   1
   317     23 SER    N         3.87800    5.30000    2.78900  14.896104   5.427286 0.364343   1
   319     23 SER    CA        3.74900    5.23600    2.79600  14.360639   4.518741 0.314662   1
   321     23 SER    CB        3.63700    5.32800    2.75100  18.891109   5.539730 0.293245   1
   324     23 SER    OG        3.65500    5.37200    2.62400  20.046953   6.191404 0.308845   1
   326     23 SER    C         3.73100    5.09600    2.73500  11.295704   3.528236 0.312352   1
   327     23 SER    O         3.65100    5.01300    2.78700   8.988012   2.288856 0.254656   1
   328     24 ASN    N         3.82200    5.06600    2.64200  12.403596   3.705647 0.298756   1
   330     24 ASN    CA        3.82100    4.94500    2.56100  11.665335   3.462769 0.296843   1
   332     24 ASN    CB        3.87900    4.97700    2.42700  15.947053   4.451774 0.279160   1
   335     24 ASN    CG        3.78600    5.06700    2.34300  19.821179   5.293353 0.267055   1
   336     24 ASN    OD1       3.80100    5.18700    2.35400  20.894106   5.511744 0.263794   1
   337     24 ASN    ND2       3.68200    5.01500    2.27500  21.210789   5.092454 0.240088   1
   340     24 ASN    C         3.88300    4.82500    2.63300   8.332667   2.304848 0.276604   1
   341     24 ASN    O         3.86900    4.71200    2.58300   8.856144   2.649675 0.299191   1
   342     25 TYR    N         3.95300    4.85000    2.74500   5.634366   1.977011 0.350884   1
   344     25 TYR    CA        4.03600    4.75500    2.81800   4.870130   1.461769 0.300150   1
   346     25 TYR    CB        4.09000    4.82100    2.94900   4.159840   1.586707 0.381435   1
   349     25 TYR    CG        4.16800    4.73500    3.05100   3.662338   2.263368 nan        0
   350     25 TYR    CD1       4.10200    4.67600    3.15600   0.952048   0.680160 nan        0
   352     25 TYR    CE1       4.16800    4.59800    3.25000   1.081918   0.869065 nan        0
   354     25 TYR    CZ        4.31200    4.58600    3.23900   2.256743   2.128936 nan        0
   355     25 TYR    OH        4.37300    4.52100    3.33700   2.467532   2.569715 nan        0
   357     25 TYR    CE2       4.38000    4.64800    3.13000   4.633367   2.799100 0.604118   1
   359     25 TYR    CD2       4.30600    4.71400    3.03300   4.813187   2.250375 0.467544   1
   361     25 TYR    C         3.96500    4.62400    2.85200   3.624376   1.248376 nan        0
   362     25 TYR    O         4.00200    4.51900    2.80700   4.071928   1.380310 0.338982   1
   363     26 CYS    N         3.84800    4.63200    2.91500   2.101898   1.063468 nan        0
   365     26 CYS    CA        3.75800    4.52400    2.94700   1.003996   1.631184 nan        0
   367     26 CYS    CB        3.64000    4.56400    3.03100   1.121878   1.548726 nan        0
   370     26 CYS    SG        3.67400    4.62400    3.19500   1.113886   1.833583 nan        0
   371     26 CYS    C         3.72300    4.42700    2.82500   2.407592   2.663668 nan        0
   372     26 CYS    O         3.73400    4.30400    2.84100   2.297702   2.811594 nan        0
   373     27 ASN    N         3.68300    4.48100    2.70700   5.536464   4.053973 0.732232   1
   375     27 ASN    CA        3.65100    4.40400    2.58600   8.083916   5.019990 0.620985   1
   377     27 ASN    CB        3.60400    4.50100    2.48000  12.424575   5.862069 0.471812   1
   380     27 ASN    CG        3.46600    4.55700    2.49700  13.627373   5.878061 0.431342   1
   381     27 ASN    OD1       3.38800    4.49800    2.56700  11.325674   5.398301 0.476643   1
   382     27 ASN    ND2       3.43400    4.66500    2.42500  16.195804   5.250375 0.324181   1
   385     27 ASN    C         3.77000    4.32000    2.54400   9.555445   4.267866 0.446642   1
   386     27 ASN    O         3.75200    4.21500    2.48500   8.581419   3.830085 0.446323   1
   387     28 GLN    N         3.89400    4.37200    2.57100   9.778222   3.791104 0.387709   1
   389     28 GLN    CA        4.01600    4.30100    2.52800   9.785215   1.875562 0.191673   1
   391     28 GLN    CB        4.12000    4.40900    2.49500  13.199800   0.989505 0.074964   1
   394     28 GLN    CG        4.24800    4.33700    2.45600  16.838162   0.540730 0.032113   1
   397     28 GLN    CD        4.35000    4.29600    2.56900  15.812188   0.803098 0.050790   1
   398     28 GLN    OE1       4.36900    4.17800    2.60100  14.682318   0.683658 0.046563   1
   399     28 GLN    NE2       4.41400    4.37800    2.65600  14.548452   2.653173 0.182368   1
   402     28 GLN    C         4.04900    4.19600    2.62900   6.571429   1.237381 0.188297   1
   403     28 GLN    O         4.08200    4.08400    2.60000   6.658342   1.186407 0.178184   1
   404     29 MET    N         4.04500    4.23700    2.75600   3.107892   1.061969 nan        0
   406     29 MET    CA        4.10200    4.15600    2.87200   2.173826   0.843078 nan        0
   408     29 MET    CB        4.12800    4.24200    2.99200   2.163836   0.239880 nan        0
   411     29 MET    CG        4.27200    4.28900    2.99500   5.431568   2.531234 0.466023   1
   414     29 MET    SD        4.37400    4.14500    3.04000   8.388611   2.406297 0.286853   1
   415     29 MET    CE        4.36600    4.14100    3.22300   5.412587   2.330835 0.430632   1
   419     29 MET    C         4.01900    4.03300    2.90400   1.413586   0.958521 nan        0
   420     29 MET    O         4.07100    3.92800    2.93700   1.042957   0.647176 nan        0
   421     30 MET    N         3.89000    4.04800    2.89700   1.019980   1.039480 nan        0
   423     30 MET    CA        3.79000    3.94200    2.91400   0.993007   1.085957 nan        0
   425     30 MET    CB        3.65700    4.00400    2.92300   1.794206   1.803098 nan        0
   428     30 MET    CG        3.65500    4.10400    3.04200   1.956044   2.079960 nan        0
   431     30 MET    SD        3.64600    4.03500    3.21300   1.000000   1.223888 nan        0
   432     30 MET    CE        3.49500    3.93200    3.19100   1.001998   1.951524 nan        0
   436     30 MET    C         3.80500    3.83400    2.79900   1.125874   1.304348 nan        0
   437     30 MET    O         3.78700    3.71400    2.83200   1.073926   1.368316 nan        0
   438     31 LYS    N         3.84800    3.86500    2.67600   3.792208   2.504248 nan        0
   440     31 LYS    CA        3.86900    3.76700    2.56700   6.468531   4.114443 0.636071   1
   442     31 LYS    CB        3.85700    3.84400    2.43100  11.184815   5.597701 0.500473   1
   445     31 LYS    CG        3.84700    3.75500    2.30700  15.140859   8.151924 0.538406   1
   448     31 LYS    CD        3.71100    3.68800    2.29000  15.582418   8.895052 0.570839   1
   451     31 LYS    CE        3.67700    3.60600    2.16800  18.397602   9.211394 0.500684   1
   454     31 LYS    NZ        3.58600    3.48800    2.19200  15.774226   9.145427 0.579770   1
   458     31 LYS    C         4.00200    3.69400    2.57700   7.102897   3.899050 0.548938   1
   459     31 LYS    O         4.00400    3.57700    2.58300   6.918082   3.832584 0.553995   1
   460     32 SER    N         4.11000    3.76800    2.59100   8.969031   3.203898 0.357218   1
   462     32 SER    CA        4.24800    3.71400    2.60300  12.782218   3.353823 0.262382   1
   464     32 SER    CB        4.35100    3.83000    2.59400  14.527473   2.889055 0.198868   1
   467     32 SER    OG        4.33600    3.91200    2.71000  11.777223   1.980010 0.168122   1
   469     32 SER    C         4.26700    3.62800    2.73000  11.878122   3.335332 0.280796   1
   470     32 SER    O         4.35000    3.53900    2.73900  14.622378   4.237881 0.289822   1
   471     33 ARG    N         4.18700    3.65500    2.83600   6.914086   2.013493 0.291216   1
   473     33 ARG    CA        4.18800    3.57900    2.97100   5.406593   1.812594 0.335256   1
   475     33 ARG    CB        4.17000    3.67400    3.08500   3.340659   0.468766 nan        0
   478     33 ARG    CG        4.29000    3.76800    3.09900   5.182817   1.111944 0.214544   1
   481     33 ARG    CD        4.42800    3.70100    3.11400   9.516484   1.965517 0.206538   1
   484     33 ARG    NE        4.52900    3.80100    3.15600  12.096903   2.047476 0.169256   1
   486     33 ARG    CZ        4.56800    3.82800    3.28500  11.045954   2.182909 0.197621   1
   487     33 ARG    NH1       4.51100    3.78600    3.39600   8.464535   1.557721 0.184029   1
   490     33 ARG    NH2       4.67100    3.90700    3.30400  13.540460   2.134433 0.157634   1
   493     33 ARG    C         4.08400    3.46600    2.97300   4.686314   3.906547 0.833608   1
   494     33 ARG    O         4.06500    3.40500    3.07500   5.101898   4.187906 0.820853   1
   495     34 ASN    N         4.02700    3.43600    2.85200   5.307692   4.336832 0.817084   1
   497     34 ASN    CA        3.92900    3.32500    2.81900   7.795205   7.474763 0.958892   1
   499     34 ASN    CB        4.01800    3.19400    2.81300  12.971029   9.775612 0.753650   1
   502     34 ASN    CG        4.12900    3.19800    2.71400  14.822178   9.920040 0.669270   1
   503     34 ASN    OD1       4.15000    3.28800    2.63200  14.931069   9.486757 0.635370   1
   504     34 ASN    ND2       4.21200    3.09600    2.71900  19.122877  11.466267 0.599610   1
   507     34 ASN    C         3.80500    3.33300    2.91200   7.177822   7.968516 1.110158   1
   508     34 ASN    O         3.76700    3.23600    2.97800  11.171828  10.571714 0.946283   1
   509     35 LEU    N         3.75100    3.45300    2.93600   4.621379   5.862069 1.268468   1
   511     35 LEU    CA        3.63200    3.48600    3.01400   6.184815   6.378811 1.031366   1
   513     35 LEU    CB        3.66700    3.60800    3.10100   4.264735   5.404298 1.267206   1
   516     35 LEU    CG        3.79000    3.59400    3.19300   2.903097   5.098451 nan        0
   518     35 LEU    CD1       3.78000    3.70300    3.30000   0.752248   2.990505 nan        0
   522     35 LEU    CD2       3.80500    3.46100    3.27100   4.674326   6.162919 1.318462   1
   526     35 LEU    C         3.51300    3.50100    2.91300   4.974026   4.723138 0.949560   1
   527     35 LEU    O         3.40400    3.51100    2.95500   4.802198   4.467266 0.930255   1
   528     36 THR    N         3.54400    3.51600    2.78600   5.332667   5.486757 1.028895   1
   530     36 THR    CA        3.45000    3.52200    2.66900   5.767233   5.425287 0.940709   1
   532     36 THR    CB        3.44600    3.66800    2.61600   5.363636   4.871564 0.908258   1
   534     36 THR    CG2       3.36500    3.75100    2.71200   4.712288   4.834083 1.025846   1
   538     36 THR    OG1       3.57400    3.71700    2.59200   4.395604   4.797601 1.091454   1
   540     36 THR    C         3.48000    3.41200    2.56800   7.515485   6.106447 0.812515   1
   541     36 THR    O         3.56600    3.42100    2.48300   8.504496   7.119440 0.837138   1
   542     37 LYS    N         3.41400    3.29700    2.58900   9.044955   8.167916 0.903036   1
   544     37 LYS    CA        3.44600    3.17700    2.51200  12.385614  11.124938 0.898214   1
   546     37 LYS    CB        3.55800    3.09400    2.58100  15.056943  13.314343 0.884266   1
   549     37 LYS    CG        3.70500    3.15000    2.58700  14.588412  13.062469 0.895400   1
   552     37 LYS    CD        3.76100    3.17800    2.45100  15.742258  13.385307 0.850279   1
   555     37 LYS    CE        3.90300    3.22400    2.45800  14.937063  12.435282 0.832512   1
   558     37 LYS    NZ        3.96500    3.23100    2.32700  17.834166  13.337331 0.747853   1
   562     37 LYS    C         3.32200    3.08900    2.48600  12.939061  11.947026 0.923330   1
   563     37 LYS    O         3.31200    3.03700    2.37500  15.628372  12.755622 0.816184   1
   564     38 ASP    N         3.23400    3.07000    2.58500  14.844156  11.189905 0.753826   1
   566     38 ASP    CA        3.10300    3.01200    2.56300  17.382617  10.926037 0.628561   1
   568     38 ASP    CB        3.09600    2.87000    2.61600  19.523477  12.235882 0.626727   1
   571     38 ASP    CG        3.18500    2.77500    2.54000  22.743257  13.620690 0.598889   1
   572     38 ASP    OD1       3.15300    2.71600    2.43700  23.254745  13.481759 0.579742   1
   573     38 ASP    OD2       3.30000    2.75900    2.59000  21.991009  15.251874 0.693550   1
   574     38 ASP    C         2.98900    3.08400    2.64700  15.218781   6.993003 0.459498   1
   575     38 ASP    O         2.87100    3.05200    2.62800  15.805195   6.218391 0.393440   1
   576     39 ARG    N         3.03100    3.18800    2.72400  12.086913   7.227386 0.597951   1
   578     39 ARG    CA        2.93900    3.28500    2.79000  11.446553   6.096452 0.532602   1
   580     39 ARG    CB        2.89900    3.22300    2.93100  15.709291   7.435782 0.473337   1
   583     39 ARG    CG        2.78800    3.29600    3.01300  17.133866   9.802099 0.572089   1
   586     39 ARG    CD        2.80100    3.24800    3.16000  20.245754   9.132934 0.451104   1
   589     39 ARG    NE        2.93900    3.26600    3.22100  18.486513  10.762119 0.582161   1
   591     39 ARG    CZ        2.96300    3.30300    3.33900  18.902098  10.296352 0.544720   1
   592     39 ARG    NH1       2.86400    3.30400    3.43000  20.627373   9.549725 0.462964   1
   595     39 ARG    NH2       3.08000    3.32900    3.38700  17.978022  10.528736 0.585645   1
   598     39 ARG    C         3.01200    3.42400    2.79700   8.184815   5.698651 0.696247   1
   599     39 ARG    O         3.13200    3.43500    2.77900   6.239760   4.718641 0.756221   1
   600     40 CYS    N         2.93900    3.52700    2.84300   8.360639   7.404298 0.885614   1
   602     40 CYS    CA        3.00600    3.64700    2.90200   5.902098   6.493753 1.100245   1
   604     40 CYS    CB        2.92400    3.77100    2.87400   5.381618   6.195402 1.151215   1
   607     40 CYS    SG        2.85700    3.79900    2.70800   5.513487   5.812594 1.054250   1
   608     40 CYS    C         3.01900    3.62500    3.05500   6.378621   6.596202 1.034111   1
   609     40 CYS    O         2.92400    3.57500    3.11500   7.918082   8.330835 1.052128   1
   610     41 LYS    N         3.13800    3.64800    3.11600   5.991009   5.355322 0.893893   1
   612     41 LYS    CA        3.14800    3.65400    3.25700   6.648352   6.380310 0.959683   1
   614     41 LYS    CB        3.28900    3.61500    3.30600   6.747253   6.377311 0.945172   1
   617     41 LYS    CG        3.29500    3.61800    3.46000  10.042957   5.982009 0.595642   1
   620     41 LYS    CD        3.44400    3.59200    3.51200   9.934066   7.377811 0.742678   1
   623     41 LYS    CE        3.43700    3.56900    3.66400  11.748252   8.476262 0.721491   1
   626     41 LYS    NZ        3.43300    3.69000    3.75100  12.869131   7.244378 0.562927   1
   630     41 LYS    C         3.10900    3.79000    3.31400   5.551449   5.116442 0.921641   1
   631     41 LYS    O         3.17200    3.89200    3.27500   3.424575   3.143428 nan        0
   632     42 PRO    N         2.99600    3.79700    3.39000   9.847153   7.411794 0.752684   1
   633     42 PRO    CD        2.92900    3.69200    3.46600  13.496503   7.791604 0.577305   1
   636     42 PRO    CG        2.82600    3.76400    3.55100  16.644356   7.306347 0.438968   1
   639     42 PRO    CB        2.78100    3.87400    3.45900  15.841159   7.698151 0.485959   1
   642     42 PRO    CA        2.91600    3.92400    3.39800  10.840160   6.395802 0.590010   1
   644     42 PRO    C         2.97700    4.03700    3.48000   8.563437   4.116942 0.480758   1
   645     42 PRO    O         2.94200    4.15400    3.45600   8.000999   4.290355 0.536227   1
   646     43 VAL    N         3.05600    4.00900    3.58400   8.090909   3.144428 0.388637   1
   648     43 VAL    CA        3.14300    4.09900    3.66200   9.535465   1.916042 0.200939   1
   650     43 VAL    CB        3.06800    4.11800    3.79300  14.650350   2.865067 0.195563   1
   652     43 VAL    CG1       3.14500    4.19100    3.89900  14.920080   4.924038 0.330028   1
   656     43 VAL    CG2       2.93200    4.18300    3.77800  15.591409   3.207396 0.205716   1
   660     43 VAL    C         3.28000    4.03300    3.68100   8.314685   3.342329 0.401979   1
   661     43 VAL    O         3.28300    3.91300    3.71400  10.563437   4.588206 0.434348   1
   662     44 ASN    N         3.38700    4.10800    3.67500   6.558442   3.246877 0.495068   1
   664     44 ASN    CA        3.52100    4.06100    3.71000   6.444555   3.945527 0.612226   1
   666     44 ASN    CB        3.57800    3.98700    3.58600   4.809191   2.835082 0.589513   1
   669     44 ASN    CG        3.70600    3.90600    3.62200   3.544456   2.991504 nan        0
   670     44 ASN    OD1       3.69200    3.79900    3.67800   4.134865   4.543228 1.098761   1
   671     44 ASN    ND2       3.82100    3.95500    3.58700   1.539461   1.695152 nan        0
   674     44 ASN    C         3.61900    4.17900    3.73500   4.858142   3.288356 0.676875   1
   675     44 ASN    O         3.63000    4.26600    3.65400   3.643357   2.609195 nan        0
   676     45 THR    N         3.70600    4.17700    3.84200   5.350649   4.092954 0.764945   1
   678     45 THR    CA        3.80200    4.28600    3.87400   3.952048   2.968516 nan        0
   680     45 THR    CB        3.80200    4.31000    4.02200   5.036963   4.010995 0.796312   1
   682     45 THR    CG2       3.87700    4.44100    4.05900   3.885115   3.060470 nan        0
   686     45 THR    OG1       3.67200    4.33300    4.05500   7.079920   5.209395 0.735799   1
   688     45 THR    C         3.93800    4.23800    3.82700   2.153846   1.471764 nan        0
   689     45 THR    O         3.97100    4.12500    3.86200   1.809191   1.515742 nan        0
   690     46 PHE    N         4.01700    4.32000    3.77200   0.434565   0.678661 nan        0
   692     46 PHE    CA        4.16500    4.30600    3.74600   0.000000   0.002999 nan        0
   694     46 PHE    CB        4.18600    4.34100    3.60000   0.000000   0.000000 nan        0
   697     46 PHE    CG        4.11800    4.25200    3.49800   0.000000   0.000000 nan        0
   698     46 PHE    CD1       4.15600    4.12200    3.48800   0.000000   0.000000 nan        0
   700     46 PHE    CE1       4.07900    4.03900    3.40200   0.000000   0.000000 nan        0
   702     46 PHE    CZ        3.97500    4.08400    3.32000   0.000000   0.084958 nan        0
   704     46 PHE    CE2       3.94600    4.21800    3.33200   0.001998   0.474263 nan        0
   706     46 PHE    CD2       4.01500    4.30000    3.41700   0.000000   0.014993 nan        0
   708     46 PHE    C         4.24600    4.39000    3.83700   0.000000   0.000000 nan        0
   709     46 PHE    O         4.20200    4.49700    3.88700   0.000000   0.000000 nan        0
   710     47 VAL    N         4.37500    4.35800    3.85900   0.000000   0.000000 nan        0
   712     47 VAL    CA        4.46000    4.42600    3.95300   0.000000   0.000000 nan        0
   714     47 VAL    CB        4.48200    4.34500    4.08100   0.000000   0.000000 nan        0
   716     47 VAL    CG1       4.56800    4.42400    4.18700   0.000999   0.000000 nan        0
   720     47 VAL    CG2       4.35700    4.29800    4.16200   0.000000   0.000000 nan        0
   724     47 VAL    C         4.59400    4.45700    3.89300   0.018981   0.000000 nan        0
   725     47 VAL    O         4.64900    4.37500    3.82300   0.065934   0.006497 nan        0
   726     48 HIS    N         4.64800    4.58200    3.90800   1.291708   0.107946 nan        0
   728     48 HIS    CA        4.77600    4.62100    3.83500   2.966034   1.687156 nan        0
   730     48 HIS    CB        4.76300    4.76300    3.78000   3.869131   1.945027 nan        0
   733     48 HIS    CG        4.65400    4.78100    3.67100   1.808192   0.449775 nan        0
   734     48 HIS    ND1       4.67500    4.75800    3.53900   3.025974   2.854073 nan        0
   735     48 HIS    CE1       4.55200    4.75100    3.47600   2.782218   2.853573 nan        0
   737     48 HIS    NE2       4.46000    4.76600    3.57600   0.070929   0.213393 nan        0
   739     48 HIS    CD2       4.51900    4.77300    3.69800   0.572428   0.005497 nan        0
   741     48 HIS    C         4.90100    4.62000    3.92700   6.237762   2.654173 0.425501   1
   742     48 HIS    O         5.00100    4.68400    3.90700   9.293706   5.284858 0.568649   1
   743     49 GLU    N         4.89000    4.55400    4.04400   5.171828   2.735132 0.528852   1
   745     49 GLU    CA        5.00900    4.53400    4.13200   7.584416   4.018491 0.529835   1
   747     49 GLU    CB        4.96000    4.52300    4.27300   7.104895   3.366817 0.473873   1
   750     49 GLU    CG        4.87800    4.64800    4.33300   7.607393   4.919040 0.646613   1
   753     49 GLU    CD        4.93200    4.78900    4.31100  13.749251   8.533233 0.620633   1
   754     49 GLU    OE1       5.04900    4.80600    4.35100  16.831169  11.259870 0.668989   1
   755     49 GLU    OE2       4.86400    4.88000    4.24700  13.348651   8.641679 0.647382   1
   756     49 GLU    C         5.09500    4.40900    4.09500   7.267732   3.254873 0.447853   1
   757     49 GLU    O         5.06400    4.34200    3.99500   6.625375   1.808596 0.272980   1
   758     50 SER    N         5.20100    4.37900    4.17100  10.565435   3.361819 0.318190   1
   760     50 SER    CA        5.28300    4.25700    4.14700  11.890110   2.869565 0.241341   1
   762     50 SER    CB        5.42900    4.28800    4.18600  14.851149   4.476262 0.301408   1
   765     50 SER    OG        5.44100    4.28200    4.32800  14.426573   4.672664 0.323893   1
   767     50 SER    C         5.21800    4.13300    4.20000   8.328671   0.480260 0.057663   1
   768     50 SER    O         5.12400    4.14800    4.28100   3.860140   0.230885 nan        0
   769     51 LEU    N         5.27000    4.01700    4.16200   8.970030   0.342329 0.038164   1
   771     51 LEU    CA        5.22900    3.88300    4.20700   7.340659   0.880060 0.119888   1
   773     51 LEU    CB        5.30000    3.77300    4.13000  12.352647   2.765617 0.223889   1
   776     51 LEU    CG        5.25800    3.62200    4.16600  14.627373   4.328836 0.295941   1
   778     51 LEU    CD1       5.10700    3.59400    4.14600  11.651349   5.701649 0.489355   1
   782     51 LEU    CD2       5.33400    3.53100    4.07800  18.206793   6.718641 0.369018   1
   786     51 LEU    C         5.25500    3.87100    4.36000   6.382617   1.355822 0.212424   1
   787     51 LEU    O         5.16400    3.84100    4.43400   4.770230   1.455272 0.305074   1
   788     52 ALA    N         5.37400    3.91900    4.39800  10.483516   1.281359 0.122226   1
   790     52 ALA    CA        5.41600    3.92000    4.53900  12.684316   2.354323 0.185609   1
   792     52 ALA    CB        5.55700    3.97800    4.54500  16.711289   3.518241 0.210531   1
   796     52 ALA    C         5.31400    4.00800    4.61600  10.595405   1.842579 0.173904   1
   797     52 ALA    O         5.27400    3.96800    4.72200  10.374625   2.241379 0.216044   1
   798     53 ASP    N         5.26600    4.12000    4.56600   9.605395   1.699650 0.176947   1
   800     53 ASP    CA        5.17500    4.21700    4.63200   9.946054   3.192404 0.320972   1
   802     53 ASP    CB        5.15800    4.34300    4.54900   9.562438   5.088456 0.532130   1
   805     53 ASP    CG        5.27500    4.44300    4.55300  15.898102   8.322839 0.523511   1
   806     53 ASP    OD1       5.32300    4.48600    4.44900  17.171828   8.686157 0.505838   1
   807     53 ASP    OD2       5.31500    4.48700    4.66800  18.374625   9.739130 0.530032   1
   808     53 ASP    C         5.03700    4.16400    4.67300   5.009990   1.592704 0.317906   1
   809     53 ASP    O         4.99600    4.18900    4.78300   5.567433   2.149425 0.386071   1
   810     54 VAL    N         4.96700    4.09900    4.58100   1.935065   0.312844 nan        0
   812     54 VAL    CA        4.83900    4.03700    4.61000   0.969031   0.003498 nan        0
   814     54 VAL    CB        4.76100    4.00700    4.48600   0.007992   0.014493 nan        0
   816     54 VAL    CG1       4.63600    3.92200    4.50200   0.011988   0.656672 nan        0
   820     54 VAL    CG2       4.72200    4.13700    4.41800   0.001998   0.000000 nan        0
   824     54 VAL    C         4.86000    3.90700    4.69800   0.882118   0.150925 nan        0
   825     54 VAL    O         4.78400    3.87500    4.78400   0.745255   0.041979 nan        0
   826     55 GLN    N         4.96700    3.83600    4.67900   1.873127   1.394303 nan        0
   828     55 GLN    CA        5.00300    3.71400    4.75600   4.857143   3.467266 0.713849   1
   830     55 GLN    CB        5.11300    3.63500    4.68900   8.520480   4.588206 0.538492   1
   833     55 GLN    CG        5.07600    3.57300    4.55200   9.246753   4.054473 0.438475   1
   836     55 GLN    CD        5.18500    3.47900    4.50200  13.125874   5.260370 0.400763   1
   837     55 GLN    OE1       5.30400    3.49900    4.53500  15.268731   4.867566 0.318793   1
   838     55 GLN    NE2       5.14700    3.37600    4.42600  13.240759   6.008996 0.453826   1
   841     55 GLN    C         5.04000    3.74200    4.90700   6.626374   2.896552 0.437125   1
   842     55 GLN    O         5.00100    3.66100    4.99500   7.285714   3.252374 0.446404   1
   843     56 ALA    N         5.10200    3.85900    4.93600   8.725275   3.060470 0.350759   1
   845     56 ALA    CA        5.11700    3.89700    5.07400  11.196803   4.489255 0.400941   1
   847     56 ALA    CB        5.19300    4.03100    5.06900  13.715285   5.340330 0.389371   1
   851     56 ALA    C         4.98800    3.91900    5.15300   8.011988   3.128936 0.390532   1
   852     56 ALA    O         4.98600    3.91000    5.27700   8.498501   3.137431 0.369175   1
   853     57 VAL    N         4.87400    3.94200    5.08300   3.697303   1.904048 nan        0
   855     57 VAL    CA        4.74400    3.97700    5.14700   2.087912   0.526237 nan        0
   857     57 VAL    CB        4.63300    4.02300    5.04200   0.995005   0.080460 nan        0
   859     57 VAL    CG1       4.49700    4.05100    5.11200   0.672328   0.000500 nan        0
   863     57 VAL    CG2       4.67600    4.15300    4.96200   1.946054   1.220890 nan        0
   867     57 VAL    C         4.69400    3.86600    5.24100   1.304695   0.608196 nan        0
   868     57 VAL    O         4.63100    3.89100    5.34300   1.103896   0.174913 nan        0
   869     58 CYS    N         4.73500    3.74100    5.21500   2.231768   1.407296 nan        0
   871     58 CYS    CA        4.68800    3.63000    5.30000   3.410589   2.379310 nan        0
   873     58 CYS    CB        4.70800    3.48900    5.23200   3.836164   2.118941 nan        0
   876     58 CYS    SG        4.65600    3.48200    5.06500   1.820180   1.110445 nan        0
   877     58 CYS    C         4.76700    3.63100    5.43500   6.937063   4.110945 0.592606   1
   878     58 CYS    O         4.72900    3.55700    5.52800   9.361638   5.442779 0.581392   1
   879     59 SER    N         4.85100    3.73700    5.45100   9.062937   4.324338 0.477145   1
   881     59 SER    CA        4.91600    3.76500    5.57400  13.778222   7.029485 0.510188   1
   883     59 SER    CB        5.06800    3.76300    5.55200  17.970030   8.542729 0.475388   1
   886     59 SER    OG        5.10600    3.63200    5.51500  19.032967   8.820090 0.463411   1
   888     59 SER    C         4.87700    3.89900    5.63900  13.000999   6.174413 0.474918   1
   889     59 SER    O         4.92800    3.93200    5.74800  16.194805   8.113443 0.500990   1
   890     60 GLN    N         4.79000    3.97600    5.57300   8.412587   3.724138 0.442686   1
   892     60 GLN    CA        4.74800    4.10600    5.62500   7.398601   3.071964 0.415209   1
   894     60 GLN    CB        4.74900    4.20900    5.51600   5.370629   1.760120 0.327731   1
   897     60 GLN    CG        4.88100    4.21900    5.44700   8.640360   3.168916 0.366757   1
   900     60 GLN    CD        4.88100    4.32600    5.34300   8.945055   2.984008 0.333593   1
   901     60 GLN    OE1       4.78200    4.35900    5.27900   6.701299   2.343828 0.349757   1
   902     60 GLN    NE2       4.99500    4.38100    5.31700  12.274725   4.608696 0.375462   1
   905     60 GLN    C         4.62200    4.09400    5.70600   7.027972   3.711144 0.528053   1
   906     60 GLN    O         4.61300    4.00400    5.79000  10.104895   5.973513 0.591150   1
   907     61 LYS    N         4.52400    4.17600    5.68600   5.317682   2.377811 0.447152   1
   909     61 LYS    CA        4.40700    4.20400    5.77100   7.470529   3.437281 0.460112   1
   911     61 LYS    CB        4.35100    4.33800    5.73800   9.069930   3.343328 0.368617   1
   914     61 LYS    CG        4.24500    4.39300    5.83200  13.487512   5.168416 0.383200   1
   917     61 LYS    CD        4.28400    4.41800    5.98300  17.939061   8.975512 0.500333   1
   920     61 LYS    CE        4.17300    4.48800    6.06000  21.615385  10.019490 0.463535   1
   923     61 LYS    NZ        4.21600    4.50700    6.19900  25.205794  11.405297 0.452487   1
   927     61 LYS    C         4.30300    4.09200    5.74800   5.559441   2.670665 0.480384   1
   928     61 LYS    O         4.23000    4.09400    5.65400   3.055944   0.904548 nan        0
   929     62 ASN    N         4.29800    3.98500    5.83600   9.088911   5.036482 0.554135   1
   931     62 ASN    CA        4.19000    3.88800    5.82900   9.893107   4.982509 0.503634   1
   933     62 ASN    CB        4.21600    3.77200    5.92200  13.862138   6.901549 0.497870   1
   936     62 ASN    CG        4.11300    3.65500    5.90600  14.710290   4.750625 0.322946   1
   937     62 ASN    OD1       4.04800    3.62000    6.00700  17.712288   5.399300 0.304834   1
   938     62 ASN    ND2       4.09400    3.60300    5.79100   9.668332   2.662669 0.275401   1
   941     62 ASN    C         4.05300    3.95700    5.85500  10.739261   4.237381 0.394569   1
   942     62 ASN    O         4.02800    4.02700    5.95000  14.007992   5.737131 0.409561   1
   943     63 VAL    N         3.96300    3.91800    5.76100   7.919081   2.308346 0.291492   1
   945     63 VAL    CA        3.81800    3.95600    5.76500  10.101898   2.568716 0.254280   1
   947     63 VAL    CB        3.80000    4.06600    5.65700  10.453546   2.777111 0.265662   1
   949     63 VAL    CG1       3.84000    4.20300    5.71000  11.326673   3.118441 0.275318   1
   953     63 VAL    CG2       3.87000    4.04200    5.52900   6.118881   1.619690 0.264704   1
   957     63 VAL    C         3.72200    3.83800    5.72200   8.191808   2.529735 0.308813   1
   958     63 VAL    O         3.75800    3.73700    5.66900   5.677323   1.390305 0.244887   1
   959     64 ALA    N         3.59400    3.87500    5.72300  12.350649   2.944028 0.238370   1
   961     64 ALA    CA        3.48900    3.78700    5.67100  11.514486   2.578711 0.223954   1
   963     64 ALA    CB        3.36700    3.81200    5.76300  14.951049   3.205897 0.214426   1
   967     64 ALA    C         3.46300    3.80800    5.51400   9.062937   3.005497 0.331625   1
   968     64 ALA    O         3.47000    3.91400    5.45200  10.151848   3.476762 0.342476   1
   969     65 CYS    N         3.43400    3.69700    5.44400   5.340659   2.379810 0.445602   1
   971     65 CYS    CA        3.39000    3.68800    5.30200   5.029970   3.369815 0.669947   1
   973     65 CYS    CB        3.41900    3.54600    5.24800   4.091908   3.301849 0.806922   1
   976     65 CYS    SG        3.58900    3.49700    5.27100   3.331668   1.931034 nan        0
   977     65 CYS    C         3.23900    3.71500    5.30000   7.902098   3.944528 0.499175   1
   978     65 CYS    O         3.17200    3.68500    5.39600   9.598402   3.311844 0.345041   1
   979     66 LYS    N         3.18100    3.77400    5.19500  10.348651   4.267866 0.412408   1
   981     66 LYS    CA        3.03400    3.80100    5.16900  15.254745   4.514743 0.295957   1
   983     66 LYS    CB        3.01100    3.84100    5.02100  17.339660   3.865067 0.222903   1
   986     66 LYS    CG        3.07700    3.97200    4.97900  17.719281   5.600700 0.316079   1
   989     66 LYS    CD        3.02700    4.10800    5.02700  19.687313   8.259870 0.419553   1
   992     66 LYS    CE        3.14400    4.21100    5.01700  19.754246   8.407296 0.425594   1
   995     66 LYS    NZ        3.09700    4.33200    5.09400  22.000999   9.164418 0.416546   1
   999     66 LYS    C         2.94400    3.69200    5.22300  16.060939   3.524738 0.219460   1
  1000     66 LYS    O         2.84800    3.72100    5.29100  18.218781   3.474263 0.190697   1
  1001     67 ASN    N         2.97800    3.56500    5.19500  14.173826   3.376812 0.238243   1
  1003     67 ASN    CA        2.89500    3.45300    5.22900  17.102897   2.989005 0.174766   1
  1005     67 ASN    CB        2.92600    3.33200    5.13500  17.261738   2.475762 0.143425   1
  1008     67 ASN    CG        3.05200    3.25700    5.16600  15.773227   2.276362 0.144318   1
  1009     67 ASN    OD1       3.05100    3.16900    5.25100  16.899101   2.588706 0.153186   1
  1010     67 ASN    ND2       3.16300    3.29500    5.11300  12.672328   2.483758 0.195999   1
  1013     67 ASN    C         2.89200    3.41200    5.38100  16.529471   3.530735 0.213602   1
  1014     67 ASN    O         2.80200    3.33300    5.42300  18.682318   3.047976 0.163148   1
  1015     68 GLY    N         2.99100    3.46500    5.45200  13.413586   3.321839 0.247647   1
  1017     68 GLY    CA        3.01800    3.42500    5.59100  14.146853   2.838581 0.200651   1
  1020     68 GLY    C         3.12400    3.32000    5.61600  14.156843   2.499250 0.176540   1
  1021     68 GLY    O         3.13100    3.26300    5.72700  16.449550   2.828086 0.171925   1
  1022     69 GLN    N         3.21200    3.29200    5.52300  10.490509   2.266367 0.216040   1
  1024     69 GLN    CA        3.34200    3.22500    5.53700  10.505495   2.338331 0.222582   1
  1026     69 GLN    CB        3.39600    3.18200    5.39800  10.918082   2.827086 0.258936   1
  1029     69 GLN    CG        3.36600    3.03200    5.36800  15.918082   2.931534 0.184164   1
  1032     69 GLN    CD        3.36500    2.99600    5.21800  18.963037   3.221889 0.169904   1
  1033     69 GLN    OE1       3.35100    3.08100    5.13200  17.092907   3.585707 0.209777   1
  1034     69 GLN    NE2       3.35500    2.86900    5.17800  22.459540   3.904548 0.173848   1
  1037     69 GLN    C         3.44500    3.32100    5.60200   8.245754   1.795102 0.217700   1
  1038     69 GLN    O         3.45200    3.43500    5.56100   5.167832   1.503748 0.290982   1
  1039     70 THR    N         3.53300    3.26500    5.68800  11.394605   1.645677 0.144426   1
  1041     70 THR    CA        3.63200    3.34900    5.76200  12.094905   1.459770 0.120693   1
  1043     70 THR    CB        3.63200    3.33200    5.91500  17.753247   2.338831 0.131741   1
  1045     70 THR    CG2       3.49700    3.38100    5.96600  19.492507   2.532734 0.129934   1
  1049     70 THR    OG1       3.64300    3.19800    5.94600  20.100899   2.440280 0.121402   1
  1051     70 THR    C         3.77900    3.34800    5.70400   9.220779   1.609195 0.174518   1
  1052     70 THR    O         3.86300    3.42000    5.75500   9.041958   1.462769 0.161776   1
  1053     71 ASN    N         3.80600    3.27800    5.59000   9.426573   1.654673 0.175533   1
  1055     71 ASN    CA        3.92900    3.27500    5.51600   8.828172   1.912544 0.216641   1
  1057     71 ASN    CB        3.94400    3.14400    5.44400  10.967033   2.793603 0.254727   1
  1060     71 ASN    CG        3.86500    3.12900    5.32200  10.682318   3.153423 0.295200   1
  1061     71 ASN    OD1       3.74500    3.14400    5.32700  10.575425   2.973513 0.281172   1
  1062     71 ASN    ND2       3.92300    3.10000    5.20600  10.102897   3.709145 0.367137   1
  1065     71 ASN    C         3.94500    3.39300    5.42400   4.414585   1.414293 0.320368   1
  1066     71 ASN    O         4.01500    3.38800    5.32300   3.184815   1.460270 nan        0
  1067     72 CYS    N         3.88300    3.51300    5.44900   2.177822   0.883558 nan        0
  1069     72 CYS    CA        3.90000    3.62900    5.36200   0.494505   0.575212 nan        0
  1071     72 CYS    CB        3.78100    3.71700    5.33200   1.341658   1.449775 nan        0
  1074     72 CYS    SG        3.70300    3.64100    5.18900   2.934066   2.756622 nan        0
  1075     72 CYS    C         4.01900    3.71300    5.41200   0.476523   0.013493 nan        0
  1076     72 CYS    O         4.04400    3.71400    5.53700   1.074925   0.360820 nan        0
  1077     73 TYR    N         4.09600    3.79000    5.33200   0.000000   0.000000 nan        0
  1079     73 TYR    CA        4.19200    3.89100    5.38700   0.000000   0.000000 nan        0
  1081     73 TYR    CB        4.33200    3.83300    5.36900   0.022977   0.000500 nan        0
  1084     73 TYR    CG        4.35700    3.71000    5.45800   1.674326   0.129935 nan        0
  1085     73 TYR    CD1       4.33400    3.58500    5.40100   0.821179   0.030485 nan        0
  1087     73 TYR    CE1       4.34600    3.46400    5.47600   3.731269   1.031484 nan        0
  1089     73 TYR    CZ        4.36600    3.48000    5.61700   7.572428   2.567216 0.339022   1
  1090     73 TYR    OH        4.36200    3.36800    5.69900  11.678322   3.309345 0.283375   1
  1092     73 TYR    CE2       4.40000    3.60400    5.66800   7.479520   3.227886 0.431563   1
  1094     73 TYR    CD2       4.40100    3.72400    5.59100   4.556444   2.151424 0.472172   1
  1096     73 TYR    C         4.17000    4.01700    5.30900   0.003996   0.000500 nan        0
  1097     73 TYR    O         4.12600    4.01200    5.18900   0.000000   0.000000 nan        0
  1098     74 GLN    N         4.18600    4.13000    5.37800   0.371628   0.000500 nan        0
  1100     74 GLN    CA        4.19000    4.27200    5.32400   1.264735   0.173913 nan        0
  1102     74 GLN    CB        4.09200    4.36600    5.40400   4.305694   0.919540 0.213564   1
  1105     74 GLN    CG        4.06600    4.49200    5.31900   5.680320   1.409795 0.248189   1
  1108     74 GLN    CD        3.98700    4.59300    5.41000  10.284715   2.200400 0.213949   1
  1109     74 GLN    OE1       4.03400    4.70100    5.44600  12.223776   3.346327 0.273756   1
  1110     74 GLN    NE2       3.86500    4.56400    5.44200  12.711289   3.087956 0.242930   1
  1113     74 GLN    C         4.33000    4.32400    5.30500   1.283716   0.710645 nan        0
  1114     74 GLN    O         4.41000    4.30800    5.39800   1.977023   0.846577 nan        0
  1115     75 SER    N         4.36500    4.39100    5.19100   1.625375   0.735632 nan        0
  1117     75 SER    CA        4.50500    4.44600    5.17700   2.868132   1.958521 nan        0
  1119     75 SER    CB        4.53000    4.49900    5.03600   2.630370   1.617191 nan        0
  1122     75 SER    OG        4.42200    4.58000    4.99000   2.370629   0.760620 nan        0
  1124     75 SER    C         4.50600    4.57000    5.27500   4.368631   1.988506 0.455178   1
  1125     75 SER    O         4.41500    4.65300    5.27900   5.338661   2.764618 0.517848   1
  1126     76 TYR    N         4.61500    4.57600    5.35000   7.009990   2.983508 0.425608   1
  1128     76 TYR    CA        4.64800    4.70000    5.42700  11.092907   4.577211 0.412625   1
  1130     76 TYR    CB        4.77900    4.67200    5.50600  14.254745   4.968016 0.348517   1
  1133     76 TYR    CG        4.78400    4.56500    5.62100  14.993007   4.158421 0.277357   1
  1134     76 TYR    CD1       4.67600    4.53200    5.70500  12.452547   4.265367 0.342530   1
  1136     76 TYR    CE1       4.70200    4.44500    5.80700  13.728272   6.013493 0.438037   1
  1138     76 TYR    CZ        4.83400    4.38900    5.84200  16.497502   6.371814 0.386229   1
  1139     76 TYR    OH        4.84700    4.29600    5.93800  18.754246   7.989005 0.425984   1
  1141     76 TYR    CE2       4.94000    4.41800    5.75400  16.647353   5.059970 0.303950   1
  1143     76 TYR    CD2       4.90900    4.51000    5.65100  16.573427   4.634683 0.279645   1
  1145     76 TYR    C         4.66300    4.82700    5.34200  13.560440   5.697651 0.420167   1
  1146     76 TYR    O         4.60800    4.92600    5.38400  16.649351   7.249875 0.435445   1
  1147     77 SER    N         4.70700    4.81800    5.21900  13.678322   6.512744 0.476136   1
  1149     77 SER    CA        4.68900    4.93000    5.12300  13.859141   6.437281 0.464479   1
  1151     77 SER    CB        4.82000    4.95900    5.04000  16.768232   9.035482 0.538845   1
  1154     77 SER    OG        4.84400    4.84100    4.96300  15.685315   7.669165 0.488939   1
  1156     77 SER    C         4.57400    4.92500    5.02900   9.864136   4.203898 0.426180   1
  1157     77 SER    O         4.51700    4.82200    4.99800   5.844156   2.096952 0.358812   1
  1158     78 THR    N         4.55200    5.03800    4.96700  10.601399   5.391804 0.508594   1
  1160     78 THR    CA        4.48500    5.04000    4.83700   8.109890   4.104448 0.506104   1
  1162     78 THR    CB        4.44000    5.17800    4.80100  12.403596   6.197901 0.499686   1
  1164     78 THR    CG2       4.31600    5.22500    4.87000  13.111888   6.469265 0.493389   1
  1168     78 THR    OG1       4.54500    5.26600    4.81700  16.185814   8.308846 0.513341   1
  1170     78 THR    C         4.57500    4.99100    4.72300   7.826174   4.116442 0.525984   1
  1171     78 THR    O         4.69300    5.00900    4.73200  11.472527   6.318341 0.550737   1
  1172     79 MET    N         4.51800    4.93100    4.62100   4.635365   2.728136 0.588548   1
  1174     79 MET    CA        4.57900    4.86900    4.50600   4.757243   2.823588 0.593535   1
  1176     79 MET    CB        4.56800    4.72000    4.51100   3.302697   0.804098 nan        0
  1179     79 MET    CG        4.63900    4.65900    4.62900   5.060939   1.159420 0.229092   1
  1182     79 MET    SD        4.67700    4.47700    4.61400   3.125874   0.671664 nan        0
  1183     79 MET    CE        4.80700    4.48000    4.73900   5.308691   3.515242 0.662167   1
  1187     79 MET    C         4.51200    4.92900    4.37900   4.056943   2.127436 0.524394   1
  1188     79 MET    O         4.39300    4.96300    4.39500   2.081918   1.177911 nan        0
  1189     80 SER    N         4.58700    4.96500    4.27200   5.516484   3.879560 0.703267   1
  1191     80 SER    CA        4.52800    5.00300    4.14500   6.229770   3.844078 0.617050   1
  1193     80 SER    CB        4.64000    5.04200    4.04300   8.220779   4.775612 0.580920   1
  1196     80 SER    OG        4.58200    5.05000    3.91500   7.457542   3.160420 0.423788   1
  1198     80 SER    C         4.44600    4.87800    4.09500   2.733267   0.160420 nan        0
  1199     80 SER    O         4.50300    4.76800    4.08300   1.525475   0.284358 nan        0
  1200     81 ILE    N         4.31800    4.90500    4.06400   0.769231   0.025987 nan        0
  1202     81 ILE    CA        4.23200    4.80500    4.00800   0.050949   0.001000 nan        0
  1204     81 ILE    CB        4.16800    4.71800    4.13000   0.585415   0.397301 nan        0
  1206     81 ILE    CG2       4.26200    4.66600    4.23700   0.038961   0.054473 nan        0
  1210     81 ILE    CG1       4.05300    4.79400    4.20000   1.882118   0.908046 nan        0
  1213     81 ILE    CD        3.91400    4.79600    4.14200   3.267732   1.747626 nan        0
  1217     81 ILE    C         4.12800    4.85700    3.91200   0.301698   0.012494 nan        0
  1218     81 ILE    O         4.09300    4.97300    3.90100   1.260739   0.008496 nan        0
  1219     82 THR    N         4.07500    4.76300    3.82900   0.223776   0.020490 nan        0
  1221     82 THR    CA        3.97500    4.79000    3.71900   0.354645   0.009495 nan        0
  1223     82 THR    CB        4.04300    4.77700    3.58600   0.026973   0.000000 nan        0
  1225     82 THR    CG2       3.95600    4.81900    3.48300   0.514486   0.008496 nan        0
  1229     82 THR    OG1       4.16100    4.86000    3.58300   0.025974   0.000000 nan        0
  1231     82 THR    C         3.85500    4.69200    3.72600   1.821179   1.305347 nan        0
  1232     82 THR    O         3.87100    4.57200    3.73500   1.606394   0.696152 nan        0
  1233     83 ASP    N         3.73400    4.74800    3.73100   4.116883   2.047976 0.497458   1
  1235     83 ASP    CA        3.61900    4.66900    3.76100   5.738262   2.851074 0.496853   1
  1237     83 ASP    CB        3.54000    4.72900    3.88300   7.907093   3.615692 0.457272   1
  1240     83 ASP    CG        3.40500    4.67200    3.90900  11.327672   4.960520 0.437912   1
  1241     83 ASP    OD1       3.31000    4.74000    3.87000  12.500500   4.805097 0.384392   1
  1242     83 ASP    OD2       3.38200    4.56800    3.97000  11.967033   6.258871 0.523009   1
  1243     83 ASP    C         3.54200    4.67200    3.62300   4.018981   2.721639 0.677196   1
  1244     83 ASP    O         3.50500    4.77400    3.56700   3.971029   2.193903 nan        0
  1245     84 CYS    N         3.54200    4.55400    3.56300   3.083916   2.391304 nan        0
  1247     84 CYS    CA        3.46800    4.51800    3.44200   2.632368   2.214893 nan        0
  1249     84 CYS    CB        3.54600    4.41600    3.36300   2.025974   1.151924 nan        0
  1252     84 CYS    SG        3.71100    4.47400    3.31400   0.995005   1.124938 nan        0
  1253     84 CYS    C         3.32600    4.46000    3.47100   2.961039   2.282859 nan        0
  1254     84 CYS    O         3.31400    4.35700    3.53700   3.376623   1.900050 nan        0
  1255     85 ARG    N         3.22300    4.52000    3.41200   4.456543   2.553723 0.573028   1
  1257     85 ARG    CA        3.08500    4.46100    3.41200   6.913087   2.859070 0.413574   1
  1259     85 ARG    CB        3.00000    4.52900    3.52400  10.551449   5.284358 0.500818   1
  1262     85 ARG    CG        3.07600    4.52900    3.66000  11.497502   5.253373 0.456914   1
  1265     85 ARG    CD        2.98700    4.57100    3.77300  15.752248   5.718641 0.363036   1
  1268     85 ARG    NE        3.06500    4.57300    3.88700  17.392607   6.651174 0.382414   1
  1270     85 ARG    CZ        3.04500    4.53300    4.01200  20.937063   7.048476 0.336651   1
  1271     85 ARG    NH1       2.93600    4.48300    4.05000  21.357642   6.127936 0.286920   1
  1274     85 ARG    NH2       3.14200    4.52400    4.09200  20.954046   8.350325 0.398507   1
  1277     85 ARG    C         3.02000    4.46400    3.27300   6.738262   2.763618 0.410138   1
  1278     85 ARG    O         3.03900    4.55700    3.19500   6.006993   2.363818 0.393511   1
  1279     86 GLU    N         2.93000    4.36700    3.24200   7.307692   4.351824 0.595513   1
  1281     86 GLU    CA        2.86300    4.37600    3.11600   8.358641   4.857071 0.581084   1
  1283     86 GLU    CB        2.77400    4.24700    3.10600  11.133866   6.756622 0.606853   1
  1286     86 GLU    CG        2.84900    4.11800    3.05800   8.729271   6.935532 0.794515   1
  1289     86 GLU    CD        2.74000    4.00000    3.02300  11.464535   9.460270 0.825177   1
  1290     86 GLU    OE1       2.70500    3.92000    3.11000  13.952048  10.584208 0.758613   1
  1291     86 GLU    OE2       2.70000    4.00300    2.90300  10.282717   9.275362 0.902034   1
  1292     86 GLU    C         2.76200    4.49900    3.10700  10.652348   5.205897 0.488709   1
  1293     86 GLU    O         2.70100    4.52900    3.20400  13.817183   6.532234 0.472762   1
  1294     87 THR    N         2.74600    4.55900    2.99000   8.967033   4.714643 0.525775   1
  1296     87 THR    CA        2.65300    4.66700    2.96700  11.673327   5.418291 0.464160   1
  1298     87 THR    CB        2.71300    4.76400    2.86300  11.630370   3.671164 0.315653   1
  1300     87 THR    CG2       2.85700    4.80600    2.90400  11.015984   2.607196 0.236674   1
  1304     87 THR    OG1       2.72200    4.69900    2.73900  10.635365   2.965017 0.278789   1
  1306     87 THR    C         2.51700    4.62700    2.92600  14.354645   6.638181 0.462441   1
  1307     87 THR    O         2.49200    4.51600    2.87800  12.509491   6.493753 0.519106   1
  1308     88 GLY    N         2.42300    4.72200    2.92000  17.752248   6.969015 0.392571   1
  1310     88 GLY    CA        2.29900    4.70300    2.84700  18.968032   6.728136 0.354709   1
  1313     88 GLY    C         2.30000    4.67300    2.69500  18.478521   5.014993 0.271396   1
  1314     88 GLY    O         2.19900    4.62900    2.63600  19.973027   4.426287 0.221613   1
  1315     89 SER    N         2.41600    4.67800    2.62700  17.604396   3.884558 0.220658   1
  1317     89 SER    CA        2.43700    4.62900    2.48900  17.394605   2.828586 0.162613   1
  1319     89 SER    CB        2.51700    4.73500    2.40900  18.856144   2.611194 0.138480   1
  1322     89 SER    OG        2.45400    4.85700    2.40400  21.163836   3.009995 0.142224   1
  1324     89 SER    C         2.52000    4.49600    2.48100  14.438561   2.328336 0.161258   1
  1325     89 SER    O         2.56100    4.45600    2.37500  14.265734   1.950025 0.136693   1
  1326     90 SER    N         2.53700    4.42200    2.58800  10.773227   3.585207 0.332789   1
  1328     90 SER    CA        2.60300    4.28900    2.58900   8.372627   4.359820 0.520723   1
  1330     90 SER    CB        2.66800    4.25900    2.72100   6.305694   5.460270 0.865927   1
  1333     90 SER    OG        2.77200    4.15900    2.70300   4.696304   5.059470 1.077330   1
  1335     90 SER    C         2.50300    4.18300    2.55000  11.748252   5.733633 0.488041   1
  1336     90 SER    O         2.38500    4.17500    2.59900  14.842158   6.953023 0.468464   1
  1337     91 LYS    N         2.54300    4.09000    2.46600  10.644356   6.119440 0.574900   1
  1339     91 LYS    CA        2.47900    3.95900    2.44100  13.470529   6.838081 0.507633   1
  1341     91 LYS    CB        2.36100    3.96900    2.33700  16.431568   6.371814 0.387779   1
  1344     91 LYS    CG        2.27900    3.83400    2.32000  19.189810   7.441279 0.387772   1
  1347     91 LYS    CD        2.18000    3.85700    2.20100  22.185814   6.419290 0.289342   1
  1350     91 LYS    CE        2.07800    3.73800    2.19500  24.121878   7.712644 0.319736   1
  1353     91 LYS    NZ        2.13600    3.60500    2.15000  23.241758   7.766617 0.334166   1
  1357     91 LYS    C         2.58900    3.86000    2.39800  10.307692   6.185407 0.600077   1
  1358     91 LYS    O         2.68100    3.89800    2.32000   6.990010   4.152424 0.594051   1
  1359     92 TYR    N         2.59900    3.73800    2.45400  10.024975   7.510745 0.749203   1
  1361     92 TYR    CA        2.69800    3.64600    2.38900   8.924076   6.072964 0.680515   1
  1363     92 TYR    CB        2.70600    3.52200    2.47400  10.353646   6.667666 0.643992   1
  1366     92 TYR    CG        2.79000    3.41000    2.42900  11.971029   6.354823 0.530850   1
  1367     92 TYR    CD1       2.92500    3.41200    2.45000   8.407592   5.416292 0.644214   1
  1369     92 TYR    CE1       3.00900    3.31900    2.39000  10.624376   4.995002 0.470146   1
  1371     92 TYR    CZ        2.95700    3.22300    2.30300  14.070929   5.571714 0.395973   1
  1372     92 TYR    OH        3.04300    3.13000    2.24800  17.206793   7.384808 0.429180   1
  1374     92 TYR    CE2       2.82100    3.21400    2.28200  16.798202   5.475262 0.325943   1
  1376     92 TYR    CD2       2.73800    3.30900    2.34200  15.695305   5.655672 0.360342   1
  1378     92 TYR    C         2.66400    3.61200    2.24200   9.922078   4.113443 0.414575   1
  1379     92 TYR    O         2.54700    3.59100    2.21700  12.312687   5.156422 0.418789   1
  1380     93 PRO    N         2.76300    3.59000    2.14600  11.039960   2.431284 0.220226   1
  1381     93 PRO    CD        2.73800    3.54700    2.01300  14.857143   2.265367 0.152477   1
  1384     93 PRO    CG        2.87700    3.53000    1.94500  17.540460   2.551724 0.145476   1
  1387     93 PRO    CB        2.97900    3.52300    2.05700  13.166833   3.820590 0.290168   1
  1390     93 PRO    CA        2.90800    3.61100    2.16200   9.509491   3.454773 0.363297   1
  1392     93 PRO    C         2.96400    3.75400    2.15400   9.133866   3.421289 0.374572   1
  1393     93 PRO    O         3.08000    3.76900    2.19100   9.881119   3.877561 0.392421   1
  1394     94 ASN    N         2.88100    3.85200    2.10900  11.407592   3.274863 0.287077   1
  1396     94 ASN    CA        2.92200    3.98700    2.09600  12.796204   4.801099 0.375197   1
  1398     94 ASN    CB        2.82100    4.05300    2.00000  15.881119   3.750125 0.236137   1
  1401     94 ASN    CG        2.82000    3.99000    1.86400  19.068931   3.268866 0.171424   1
  1402     94 ASN    OD1       2.73400    3.90000    1.83800  19.417582   2.315842 0.119265   1
  1403     94 ASN    ND2       2.90500    4.03800    1.77500  20.948052   3.169415 0.151299   1
  1406     94 ASN    C         2.93500    4.05600    2.24100   9.627373   4.752624 0.493657   1
  1407     94 ASN    O         2.86200    4.15600    2.25300  10.054945   3.418791 0.340011   1
  1408     95 CYS    N         3.01400    4.00000    2.33900   7.864136   4.435782 0.564052   1
  1410     95 CYS    CA        3.00600    4.05200    2.47300   6.213786   4.213393 0.678072   1
  1412     95 CYS    CB        3.07200    3.94500    2.56600   4.659341   4.214393 0.904504   1
  1415     95 CYS    SG        3.00600    3.77200    2.57800   5.221778   4.162919 0.797222   1
  1416     95 CYS    C         3.05800    4.19400    2.48500   7.410589   4.408296 0.594864   1
  1417     95 CYS    O         3.14700    4.22800    2.40500  10.244755   5.614193 0.548007   1
  1418     96 ALA    N         2.99900    4.28000    2.56800   6.191808   2.646177 0.427367   1
  1420     96 ALA    CA        3.02500    4.42400    2.56600   8.463536   2.575712 0.304330   1
  1422     96 ALA    CB        2.90800    4.49700    2.49900  10.300699   1.925037 0.186884   1
  1426     96 ALA    C         3.03700    4.48600    2.70800   5.994006   1.487756 0.248207   1
  1427     96 ALA    O         2.95200    4.48800    2.79000   2.510490   0.852074 nan        0
  1428     97 TYR    N         3.15800    4.53700    2.73800   6.095904   2.176912 0.357111   1
  1430     97 TYR    CA        3.19800    4.56700    2.88000   4.165834   1.243878 0.298590   1
  1432     97 TYR    CB        3.32000    4.48400    2.92000   3.081918   2.542729 nan        0
  1435     97 TYR    CG        3.28600    4.33700    2.90800   3.141858   3.007996 nan        0
  1436     97 TYR    CD1       3.21000    4.28200    3.00800   1.025974   1.376312 nan        0
  1438     97 TYR    CE1       3.19000    4.14600    3.01100   1.314685   1.659170 nan        0
  1440     97 TYR    CZ        3.24700    4.06100    2.91200   2.515485   2.801099 nan        0
  1441     97 TYR    OH        3.23200    3.92500    2.92300   2.611389   3.316842 nan        0
  1443     97 TYR    CE2       3.33400    4.11900    2.81000   2.917083   2.517241 nan        0
  1445     97 TYR    CD2       3.33700    4.25900    2.79800   3.876124   2.490755 nan        0
  1447     97 TYR    C         3.22100    4.72100    2.90900   7.211788   1.209895 0.167766   1
  1448     97 TYR    O         3.29800    4.78600    2.83700   8.315684   1.355822 0.163044   1
  1449     98 LYS    N         3.17500    4.76800    3.02000   8.308691   1.521739 0.183150   1
  1451     98 LYS    CA        3.21300    4.88800    3.07500  10.670330   2.480260 0.232445   1
  1453     98 LYS    CB        3.09100    4.94200    3.15400  12.464535   4.223888 0.338872   1
  1456     98 LYS    CG        3.11000    5.05900    3.25600  15.737263   5.917041 0.375989   1
  1459     98 LYS    CD        2.96400    5.09800    3.29400  18.916084   8.148426 0.430767   1
  1462     98 LYS    CE        2.95900    5.21900    3.38900  21.844156  10.029485 0.459138   1
  1465     98 LYS    NZ        3.00900    5.34400    3.32900  24.471528   9.413293 0.384663   1
  1469     98 LYS    C         3.33500    4.87600    3.16500   7.595405   3.090455 0.406885   1
  1470     98 LYS    O         3.34600    4.78500    3.24800   4.750250   3.056472 0.643434   1
  1471     99 THR    N         3.43100    4.96600    3.14900   8.736264   3.520740 0.403003   1
  1473     99 THR    CA        3.56000    4.96800    3.22500   7.433566   3.469765 0.466770   1
  1475     99 THR    CB        3.68500    4.98700    3.13200   6.681319   2.222389 0.332627   1
  1477     99 THR    CG2       3.80800    4.98300    3.22100   5.451548   1.652174 0.303065   1
  1481     99 THR    OG1       3.68700    4.88600    3.03200   4.808192   1.393303 0.289777   1
  1483     99 THR    C         3.55800    5.08300    3.32900   8.435564   4.244378 0.503153   1
  1484     99 THR    O         3.53900    5.19800    3.29200  11.737263   4.763118 0.405812   1
  1485    100 THR    N         3.56300    5.05700    3.46200   7.640360   3.523238 0.461135   1
  1487    100 THR    CA        3.57300    5.15700    3.56300  10.969031   4.453273 0.405986   1
  1489    100 THR    CB        3.44700    5.16000    3.65000  13.732268   5.136432 0.374041   1
  1491    100 THR    CG2       3.44400    5.28800    3.73500  17.623377   6.479260 0.367651   1
  1495    100 THR    OG1       3.31900    5.16600    3.57500  14.253746   6.049475 0.424413   1
  1497    100 THR    C         3.70400    5.14400    3.64300   8.372627   3.455772 0.412746   1
  1498    100 THR    O         3.72900    5.03900    3.70200   6.542458   2.082959 0.318376   1
  1499    101 GLN    N         3.78600    5.24900    3.63500   8.683317   3.997501 0.460366   1
  1501    101 GLN    CA        3.92200    5.25300    3.69400   8.814186   2.102949 0.238587   1
  1503    101 GLN    CB        4.01800    5.33300    3.60500  11.622378   2.833083 0.243761   1
  1506    101 GLN    CG        4.16000    5.35100    3.66300  11.811189   3.638681 0.308071   1
  1509    101 GLN    CD        4.23500    5.21800    3.69300   7.176823   1.746127 0.243301   1
  1510    101 GLN    OE1       4.24200    5.12100    3.61500   4.287712   0.524738 0.122382   1
  1511    101 GLN    NE2       4.30800    5.21100    3.80400   7.356643   1.903048 0.258684   1
  1514    101 GLN    C         3.92400    5.31400    3.83900  11.479520   3.248876 0.283015   1
  1515    101 GLN    O         3.85000    5.41000    3.86900  15.036963   4.860070 0.323208   1
  1516    102 ALA    N         3.99700    5.25000    3.92400   9.256743   2.957521 0.319499   1
  1518    102 ALA    CA        4.00000    5.28900    4.06500  10.869131   3.935532 0.362083   1
  1520    102 ALA    CB        3.87800    5.22600    4.13100  11.207792   3.320840 0.296297   1
  1524    102 ALA    C         4.12300    5.24200    4.14600   8.377622   3.275862 0.391025   1
  1525    102 ALA    O         4.19800    5.16200    4.09500   4.415584   1.932034 0.437549   1
  1526    103 ASN    N         4.14200    5.29900    4.26400  10.882118   4.570215 0.419975   1
  1528    103 ASN    CA        4.24900    5.26500    4.35900  10.735265   4.961019 0.462124   1
  1530    103 ASN    CB        4.35800    5.37700    4.34700  15.508492   7.671664 0.494675   1
  1533    103 ASN    CG        4.44500    5.35600    4.22800  15.377622   7.912044 0.514517   1
  1534    103 ASN    OD1       4.41400    5.39300    4.11600  15.727273   6.956022 0.442290   1
  1535    103 ASN    ND2       4.56800    5.32500    4.24800  14.464535   8.547726 0.590944   1
  1538    103 ASN    C         4.18500    5.24000    4.49900  10.435564   4.958521 0.475156   1
  1539    103 ASN    O         4.16400    5.33100    4.57600  13.578422   6.926537 0.510114   1
  1540    104 LYS    N         4.15000    5.11500    4.52300   5.894106   2.782109 0.472015   1
  1542    104 LYS    CA        4.06700    5.06300    4.62200   4.748252   2.876062 0.605710   1
  1544    104 LYS    CB        3.94800    5.01100    4.54500   5.408591   3.473263 0.642175   1
  1547    104 LYS    CG        3.84000    5.11500    4.53200  11.092907   6.531734 0.588821   1
  1550    104 LYS    CD        3.71200    5.07000    4.45000  13.271728   6.534233 0.492342   1
  1553    104 LYS    CE        3.62400    4.95800    4.50800  14.978022   7.647176 0.510560   1
  1556    104 LYS    NZ        3.55300    5.00700    4.62400  18.415584   9.806097 0.532489   1
  1560    104 LYS    C         4.14000    4.94700    4.69700   1.876124   1.048476 nan        0
  1561    104 LYS    O         4.24000    4.90200    4.64500   0.834166   0.103948 nan        0
  1562    105 HIS    N         4.11400    4.92000    4.82200   1.869131   1.113443 nan        0
  1564    105 HIS    CA        4.17600    4.80100    4.89300   1.294705   0.277361 nan        0
  1566    105 HIS    CB        4.14100    4.80900    5.03900   3.967033   1.394803 nan        0
  1569    105 HIS    CG        4.16600    4.93700    5.10900   8.259740   3.445777 0.417177   1
  1570    105 HIS    ND1       4.08200    5.04400    5.11600  11.538462   5.364818 0.464951   1
  1572    105 HIS    CE1       4.14000    5.13600    5.18600  15.660340   7.365317 0.470317   1
  1574    105 HIS    NE2       4.25100    5.09700    5.24000  15.723277   7.417791 0.471771   1
  1575    105 HIS    CD2       4.26900    4.96500    5.19200  11.152847   4.915542 0.440743   1
  1577    105 HIS    C         4.11600    4.67500    4.83400   0.004995   0.000000 nan        0
  1578    105 HIS    O         4.00300    4.68600    4.78800   0.029970   0.493753 nan        0
  1579    106 ILE    N         4.17800    4.55400    4.82900   0.000000   0.000000 nan        0
  1581    106 ILE    CA        4.11600    4.42600    4.78100   0.000000   0.008496 nan        0
  1583    106 ILE    CB        4.19900    4.35400    4.66900   0.000000   0.001499 nan        0
  1585    106 ILE    CG2       4.21600    4.45100    4.54900   0.000000   0.041479 nan        0
  1589    106 ILE    CG1       4.33000    4.28600    4.72200   0.000000   0.000000 nan        0
  1592    106 ILE    CD        4.41000    4.21500    4.60900   0.000000   0.000000 nan        0
  1596    106 ILE    C         4.08300    4.34500    4.90500   0.000000   0.000000 nan        0
  1597    106 ILE    O         4.15600    4.34600    5.00200   0.000999   0.000000 nan        0
  1598    107 ILE    N         3.96800    4.27800    4.89700   0.001998   0.001499 nan        0
  1600    107 ILE    CA        3.93900    4.15600    4.97000   0.261738   0.539730 nan        0
  1602    107 ILE    CB        3.79900    4.15800    5.04100   2.336663   1.387306 nan        0
  1604    107 ILE    CG2       3.77600    4.03300    5.13200   2.751249   1.443278 nan        0
  1608    107 ILE    CG1       3.79200    4.27700    5.13800   4.026973   2.042479 0.507200   1
  1611    107 ILE    CD        3.65700    4.29300    5.20600   7.478521   2.873563 0.384242   1
  1615    107 ILE    C         3.95600    4.03500    4.87800   0.026973   0.003498 nan        0
  1616    107 ILE    O         3.88200    4.02600    4.77700   0.034965   0.628186 nan        0
  1617    108 VAL    N         4.04300    3.94700    4.91500   0.000000   0.000000 nan        0
  1619    108 VAL    CA        4.06100    3.81200    4.85000   0.000000   0.000000 nan        0
  1621    108 VAL    CB        4.18900    3.80000    4.76200   0.000000   0.001999 nan        0
  1623    108 VAL    CG1       4.17300    3.89700    4.63800   0.000000   0.134433 nan        0
  1627    108 VAL    CG2       4.31500    3.84700    4.83600   0.000000   0.000000 nan        0
  1631    108 VAL    C         4.06000    3.70200    4.94900   0.000000   0.044478 nan        0
  1632    108 VAL    O         4.09600    3.73100    5.06100   0.000000   0.003498 nan        0
  1633    109 ALA    N         4.00500    3.58200    4.92500   1.059940   0.735132 nan        0
  1635    109 ALA    CA        4.01300    3.47200    5.01700   2.130869   1.231384 nan        0
  1637    109 ALA    CB        3.88500    3.39400    5.01800   3.527473   1.706647 nan        0
  1641    109 ALA    C         4.13300    3.38400    4.97500   2.213786   1.341329 nan        0
  1642    109 ALA    O         4.15700    3.36700    4.85300   1.899101   1.272864 nan        0
  1643    110 CYS    N         4.18800    3.30600    5.06500   2.895105   1.567216 nan        0
  1645    110 CYS    CA        4.30000    3.22300    5.05200   1.950050   1.611194 nan        0
  1647    110 CYS    CB        4.42600    3.28900    5.10800   0.513487   0.594703 nan        0
  1650    110 CYS    SG        4.45900    3.46300    5.06900   0.069930   0.004498 nan        0
  1651    110 CYS    C         4.28100    3.08300    5.12200   4.935065   2.968516 0.601515   1
  1652    110 CYS    O         4.20000    3.06000    5.21100   7.094905   3.278861 0.462143   1
  1653    111 GLU    N         4.36400    2.98900    5.07300   5.768232   4.135932 0.717019   1
  1655    111 GLU    CA        4.35800    2.84400    5.10800  10.313686   7.163918 0.694603   1
  1657    111 GLU    CB        4.23600    2.77000    5.06500  14.222777   9.369815 0.658789   1
  1660    111 GLU    CG        4.22400    2.75700    4.91700  15.293706  11.198901 0.732256   1
  1663    111 GLU    CD        4.11200    2.66900    4.86100  19.542458  12.931034 0.661689   1
  1664    111 GLU    OE1       4.14200    2.56500    4.79800  20.267732  14.486757 0.714769   1
  1665    111 GLU    OE2       3.99200    2.70700    4.88000  19.784216  11.025987 0.557312   1
  1666    111 GLU    C         4.48400    2.76000    5.07400  11.557443   7.267366 0.628804   1
  1667    111 GLU    O         4.55400    2.78800    4.97800   8.087912   6.353823 0.785595   1
  1668    112 GLY    N         4.51000    2.65500    5.14800  15.641359   7.786607 0.497822   1
  1670    112 GLY    CA        4.60400    2.55400    5.09400  15.637363   7.923038 0.506674   1
  1673    112 GLY    C         4.75400    2.57900    5.12800  15.234765   6.509745 0.427295   1
  1674    112 GLY    O         4.78600    2.65300    5.22300  15.070929   5.800600 0.384887   1
  1675    113 ASN    N         4.84000    2.50600    5.05300  16.778222   6.554723 0.390668   1
  1677    113 ASN    CA        4.97900    2.51900    5.07400  16.670330   5.253373 0.315133   1
  1679    113 ASN    CB        5.02600    2.39400    5.15600  20.447552   5.152924 0.252007   1
  1682    113 ASN    CG        5.17000    2.40400    5.20200  21.868132   5.444278 0.248959   1
  1683    113 ASN    OD1       5.20200    2.49700    5.27900  22.484515   6.070465 0.269984   1
  1684    113 ASN    ND2       5.26200    2.33000    5.16500  22.407592   4.942529 0.220574   1
  1687    113 ASN    C         5.05900    2.52700    4.93600  17.206793   4.475762 0.260116   1
  1688    113 ASN    O         5.05900    2.43300    4.85800  18.676324   4.483758 0.240077   1
  1689    114 PRO    N         5.13000    2.63000    4.91400  16.969031   4.245377 0.250184   1
  1690    114 PRO    CD        5.21000    2.64000    4.79500  20.001998   3.269365 0.163452   1
  1693    114 PRO    CG        5.25000    2.78400    4.77600  19.345654   3.411294 0.176334   1
  1696    114 PRO    CB        5.25100    2.84000    4.92000  18.149850   4.442779 0.244783   1
  1699    114 PRO    CA        5.13600    2.75500    4.98200  15.491508   5.036982 0.325145   1
  1701    114 PRO    C         5.00000    2.82000    4.97900  11.508492   4.706647 0.408972   1
  1702    114 PRO    O         4.92100    2.81300    4.88700   9.307692   4.381309 0.470719   1
  1703    115 TYR    N         4.98700    2.90300    5.08300  11.231768   5.506747 0.490283   1
  1705    115 TYR    CA        4.85900    2.97100    5.12600   9.944056   4.990505 0.501858   1
  1707    115 TYR    CB        4.86400    2.98100    5.28000  11.835165   6.102949 0.515662   1
  1710    115 TYR    CG        4.73000    3.02400    5.33800  12.444555   4.395302 0.353191   1
  1711    115 TYR    CD1       4.61900    2.94100    5.33700  11.787213   3.129435 0.265494   1
  1713    115 TYR    CE1       4.50500    2.97800    5.41000  11.807193   2.148426 0.181959   1
  1715    115 TYR    CZ        4.50200    3.10500    5.47300  13.105894   2.053973 0.156721   1
  1716    115 TYR    OH        4.39000    3.14200    5.54900  14.082917   2.107946 0.149681   1
  1718    115 TYR    CE2       4.61000    3.19800    5.45900  12.147852   3.195402 0.263043   1
  1720    115 TYR    CD2       4.72400    3.15500    5.38300  12.605395   4.630185 0.367318   1
  1722    115 TYR    C         4.84300    3.09700    5.04700   7.459540   3.795102 0.508758   1
  1723    115 TYR    O         4.88000    3.20500    5.07800   6.819181   4.484758 0.657668   1
  1724    116 VAL    N         4.78700    3.09100    4.92800   5.551449   3.514243 0.633032   1
  1726    116 VAL    CA        4.76300    3.19900    4.82500   6.811189   4.343828 0.637749   1
  1728    116 VAL    CB        4.83400    3.16800    4.69200   8.900100   4.889055 0.549326   1
  1730    116 VAL    CG1       4.98600    3.19500    4.71300  11.991009   5.755622 0.479995   1
  1734    116 VAL    CG2       4.82000    3.02300    4.64400   9.820180   6.731634 0.685490   1
  1738    116 VAL    C         4.61700    3.22700    4.79600   3.954046   3.706147 nan        0
  1739    116 VAL    O         4.53700    3.13700    4.82400   3.004995   3.479260 nan        0
  1740    117 PRO    N         4.58300    3.33600    4.72900   2.964036   2.693653 nan        0
  1741    117 PRO    CD        4.66700    3.45700    4.72000   2.615385   2.341329 nan        0
  1744    117 PRO    CG        4.59700    3.55200    4.62400   1.525475   1.999000 nan        0
  1747    117 PRO    CB        4.45600    3.52400    4.65000   1.106893   1.227386 nan        0
  1750    117 PRO    CA        4.45100    3.37500    4.68900   1.432567   1.657171 nan        0
  1752    117 PRO    C         4.38100    3.29100    4.58400   2.181818   2.258371 nan        0
  1753    117 PRO    O         4.44700    3.24200    4.49200   3.378621   3.533733 nan        0
  1754    118 VAL    N         4.24600    3.26800    4.59400   2.947053   3.634183 nan        0
  1756    118 VAL    CA        4.16500    3.16300    4.52300   6.957043   4.795102 0.689244   1
  1758    118 VAL    CB        4.14500    3.03000    4.60000   9.235764   6.314343 0.683684   1
  1760    118 VAL    CG1       4.27400    2.95400    4.61300   8.884116   6.670165 0.750797   1
  1764    118 VAL    CG2       4.07800    3.04900    4.73900   8.389610   6.094953 0.726488   1
  1768    118 VAL    C         4.02700    3.22000    4.49100   8.168831   5.192904 0.635697   1
  1769    118 VAL    O         3.96800    3.17800    4.39600  11.047952   6.342829 0.574118   1
  1770    119 HIS    N         3.98900    3.32100    4.56400   7.267732   4.946027 0.680546   1
  1772    119 HIS    CA        3.86200    3.38900    4.54800   9.156843   5.356322 0.584953   1
  1774    119 HIS    CB        3.75800    3.34600    4.65700  10.942058   5.680160 0.519113   1
  1777    119 HIS    CG        3.63400    3.42400    4.65800  13.789211   6.475762 0.469625   1
  1778    119 HIS    ND1       3.54800    3.43800    4.55100  17.068931   8.525237 0.499459   1
  1779    119 HIS    CE1       3.45400    3.52700    4.59900  16.343656   7.053973 0.431603   1
  1781    119 HIS    NE2       3.48000    3.56400    4.72100  12.957043   5.176412 0.399506   1
  1783    119 HIS    CD2       3.59200    3.49800    4.76400  11.535465   5.377811 0.466198   1
  1785    119 HIS    C         3.87800    3.54100    4.55000   4.493506   4.588706 1.021186   1
  1786    119 HIS    O         3.95500    3.58700    4.63600   1.748252   3.060970 nan        0
  1787    120 PHE    N         3.82500    3.61400    4.45800   6.317682   6.513743 1.031034   1
  1789    120 PHE    CA        3.81600    3.76100    4.46100   5.249750   6.190405 1.179181   1
  1791    120 PHE    CB        3.83100    3.82300    4.32300   6.025974   6.488756 1.076798   1
  1794    120 PHE    CG        3.87200    3.97000    4.33100   5.027972   5.503248 1.094526   1
  1795    120 PHE    CD1       3.77800    4.07200    4.33100   7.393606   7.317841 0.989753   1
  1797    120 PHE    CE1       3.81500    4.20300    4.35200   5.743257   5.819590 1.013291   1
  1799    120 PHE    CZ        3.95000    4.23800    4.35000   3.418581   3.731134 nan        0
  1801    120 PHE    CE2       4.04600    4.13900    4.32600   0.959041   1.738631 nan        0
  1803    120 PHE    CD2       4.00800    4.00200    4.32900   1.076923   4.069465 nan        0
  1805    120 PHE    C         3.68600    3.80500    4.52100   8.457542   7.135932 0.843736   1
  1806    120 PHE    O         3.57900    3.78700    4.45700  12.429570   7.857071 0.632127   1
  1807    121 ASP    N         3.68800    3.85200    4.64400   5.650350   5.839580 1.033490   1
  1809    121 ASP    CA        3.56200    3.87500    4.71400   7.982018   5.506247 0.689831   1
  1811    121 ASP    CB        3.58900    3.85400    4.86800   4.983017   5.365317 1.076721   1
  1814    121 ASP    CG        3.46300    3.82800    4.94700   6.402597   4.089955 0.638796   1
  1815    121 ASP    OD1       3.37000    3.75000    4.89900   8.209790   4.255372 0.518329   1
  1816    121 ASP    OD2       3.43900    3.90600    5.04200   5.536464   4.461269 0.805798   1
  1817    121 ASP    C         3.50800    4.01000    4.68200   9.764236   6.794103 0.695815   1
  1818    121 ASP    O         3.39500    4.02600    4.64500  13.528472   7.475262 0.552558   1
  1819    122 ALA    N         3.58800    4.10900    4.70000   8.199800   5.900050 0.719536   1
  1821    122 ALA    CA        3.55400    4.25400    4.69000  10.442557   7.464768 0.714841   1
  1823    122 ALA    CB        3.49300    4.29800    4.81900  11.207792   8.080460 0.720968   1
  1827    122 ALA    C         3.67000    4.34900    4.66000   7.127872   5.902549 0.828094   1
  1828    122 ALA    O         3.78100    4.30900    4.63600   3.000999   4.762119 nan        0
  1829    123 SER    N         3.64200    4.47600    4.65200   8.841159   6.552224 0.741105   1
  1831    123 SER    CA        3.73200    4.58700    4.67500   6.419580   5.058471 0.787975   1
  1833    123 SER    CB        3.81000    4.62900    4.54700   5.174825   3.869065 0.747671   1
  1836    123 SER    OG        3.71300    4.66600    4.45900   7.630370   5.272364 0.690971   1
  1838    123 SER    C         3.66800    4.70900    4.74100   9.514486   6.427786 0.675579   1
  1839    123 SER    O         3.55100    4.73700    4.71600  13.775225   8.464768 0.614492   1
  1840    124 VAL    N         3.73800    4.79000    4.81800   7.849151   5.224388 0.665599   1
  1842    124 VAL    CA        3.68500    4.88300    4.92400  11.519481   7.526237 0.653349   1
  1844    124 VAL    CB        3.70300    4.82400    5.06900  12.538462   5.113943 0.407860   1
  1846    124 VAL    CG1       3.63900    4.91700    5.16900  17.031968   7.028486 0.412664   1
  1850    124 VAL    CG2       3.64600    4.68700    5.09400  10.519481   4.947026 0.470273   1
  1854    124 VAL    C         3.75300    5.01500    4.90900  11.986014   7.699650 0.642386   1
  1855    124 VAL    OC1       3.67900    5.10200    4.85900  15.270729   9.537231 0.624543   1
  1856    124 VAL    OC2       3.87700    5.03300    4.93400   9.099900   5.887056 0.646936   1
